         7      2290     3.924 1.501e-06     3.204     4.266
     6.983 4.718e+07      8.83      1.19     3.664     4.205
     6.983 4.722e+07     12.89     1.199     3.702     4.132
     6.983 4.725e+07     16.68     1.205     3.699     4.075
     6.983 4.727e+07     19.38     1.207     3.691     4.041
     6.983 4.728e+07     22.99     1.209     3.678     4.001
     6.983  4.73e+07     28.25      1.21     3.657     3.951
     6.983  4.73e+07     32.62     1.211      3.64     3.915
     6.983 4.731e+07     37.03     1.212     3.623     3.883
     6.983 4.731e+07     40.24     1.212     3.613     3.863
     6.983 4.732e+07     45.08     1.212     3.598     3.834
     6.983 4.732e+07     50.58     1.213     3.582     3.805
     6.983 4.732e+07     53.53     1.213     3.574     3.791
     6.983 4.732e+07     59.42     1.213     3.558     3.765
     6.983 4.733e+07     65.25     1.213     3.543      3.74
     6.983 4.733e+07     70.66     1.213     3.529      3.72
     6.983 4.733e+07      74.7     1.213     3.515     3.704
     6.982 4.733e+07      80.1     1.214      3.48      3.68
     6.982 4.734e+07     82.89     1.214     3.419     3.657
     6.982 4.734e+07      87.4     1.214     3.425     3.647
     6.982 4.734e+07     93.13     1.214     3.453     3.641
     6.982 4.734e+07     95.99     1.214     3.469     3.638
     6.982 4.735e+07     99.14     1.214     3.486     3.635
     6.982 4.735e+07     102.6     1.214     3.504     3.632
     6.982 4.735e+07     108.1     1.214     3.533     3.628
     6.982 4.735e+07     111.7     1.214     3.551     3.626
     6.982 4.735e+07     117.2     1.214     3.579     3.622
     6.982 4.735e+07     122.2     1.214     3.604     3.619
     6.982 4.735e+07     127.9     1.214     3.632     3.616
     6.982 4.735e+07     131.4     1.214     3.648     3.615
     6.982 4.736e+07     135.4     1.214     3.666     3.613
     6.982 4.736e+07     140.2     1.215     3.688      3.61
     6.982 4.736e+07     143.7     1.215     3.703     3.609
     6.982 4.737e+07     146.4     1.215     3.715     3.608
     6.982 4.737e+07     150.7     1.215     3.733     3.606
     6.982 4.738e+07     154.6     1.215     3.749     3.605
     6.982 4.738e+07     158.2     1.215     3.764     3.603
     6.982 4.738e+07     161.5     1.215     3.777     3.602
     6.981 4.739e+07     167.2     1.216     3.799       3.6
     6.981  4.74e+07     172.2     1.216     3.818     3.598
     6.981  4.74e+07     175.9     1.216     3.832     3.597
     6.981  4.74e+07     178.9     1.216     3.843     3.596
     6.981 4.741e+07     183.6     1.216      3.86     3.595
     6.981 4.741e+07     186.8     1.217     3.871     3.594
      6.98 4.743e+07       192     1.219     3.888     3.592
     6.882 5.409e+07       196     1.813     3.909     3.593
     6.882  5.41e+07     200.8     1.813     3.924     3.592
      6.88 5.413e+07     206.6     1.808     3.941      3.59
      6.88 5.413e+07     209.9     1.807     3.951     3.589
      6.88 5.413e+07     213.8     1.807     3.962     3.587
      6.88 5.414e+07       218     1.806     3.975     3.586
     6.879 5.414e+07     222.6     1.805     3.988     3.585
     6.879 5.414e+07     226.8     1.804         4     3.584
     6.879 5.415e+07     231.5     1.803     4.012     3.583
     6.879 5.415e+07     235.8     1.803     4.023     3.581
     6.878 5.415e+07     240.4     1.802     4.035      3.58
     6.878 5.416e+07     245.6     1.802     4.047     3.579
     6.878 5.416e+07     250.2     1.801     4.059     3.577
     6.878 5.416e+07     254.5       1.8     4.069     3.576
     6.877 5.417e+07     259.3       1.8      4.08     3.575
     6.877 5.417e+07     263.7     1.799      4.09     3.574
     6.877 5.417e+07     268.6     1.799     4.102     3.573
     6.876 5.418e+07     273.2     1.798     4.112     3.572
     6.876 5.418e+07     278.5     1.798     4.123      3.57
     6.875 5.418e+07     283.3     1.797     4.134     3.569
     6.875 5.419e+07     287.8     1.796     4.144     3.568
     6.875 5.419e+07       293     1.796     4.154     3.567
     6.874 5.419e+07     297.8     1.795     4.164     3.566
     6.874 5.419e+07     302.1     1.794     4.173     3.565
     6.874  5.42e+07     307.1     1.794     4.183     3.564
     6.873  5.42e+07     311.7     1.793     4.192     3.563
     6.873  5.42e+07       316     1.792     4.201     3.562
     6.873  5.42e+07     320.9     1.792      4.21     3.561
     6.872 5.421e+07     325.4     1.791     4.219      3.56
     6.872 5.421e+07     329.6      1.79     4.227      3.56
     6.872 5.421e+07     333.5     1.789     4.234     3.559
     6.872 5.421e+07     337.1     1.788      4.24     3.558
     6.871 5.421e+07     341.1     1.787     4.248     3.557
     6.871 5.422e+07     344.8     1.786     4.254     3.557
     6.871 5.422e+07     348.3     1.785     4.261     3.556
      6.87 5.422e+07     352.2     1.785     4.267     3.555
      6.87 5.422e+07     355.8     1.784     4.274     3.555
      6.87 5.422e+07       359     1.783     4.279     3.554
      6.87 5.422e+07     361.9     1.782     4.284     3.554
     6.869 5.422e+07     367.7      1.78     4.294     3.553
     6.869 5.423e+07     372.2     1.779     4.302     3.552
     6.868 5.423e+07     375.1     1.778     4.307     3.552
     6.867 5.424e+07     378.9     1.453     4.319     3.552
     6.867 5.424e+07     383.9     1.424     4.327     3.552
     6.867 5.424e+07     386.9     1.413     4.332     3.551
     6.866 5.424e+07     389.9     1.402     4.337     3.551
     6.866 5.424e+07     395.1     1.379     4.345      3.55
     6.866 5.424e+07     398.7     1.369     4.351     3.549
     6.866 5.424e+07     403.6     1.357     4.359     3.549
     6.866 5.424e+07     406.6     1.351     4.363     3.548
     6.866 5.424e+07     410.3     1.345     4.369     3.548
     6.866 5.424e+07     415.3     1.332     4.377     3.547
     6.866 5.424e+07     421.1     1.321     4.385     3.546
     6.866 5.424e+07     424.7     1.315      4.39     3.545
     6.866 5.424e+07     429.5     1.304     4.397     3.545
