         4     30540     2.873 2.192e-06     2.316     4.112
      3.99 1.763e+08     9.939    0.5646     2.766     3.955
      3.99 1.766e+08     16.79    0.5711     2.679     3.819
     3.989 1.769e+08     26.73    0.5742     2.525      3.68
     3.989  1.77e+08     35.14    0.5749     2.684      3.66
     3.989 1.771e+08     42.07    0.5757     2.799      3.65
     3.989 1.773e+08     49.69    0.5771      2.91     3.641
     3.989 1.774e+08     57.55    0.5801     3.006     3.633
     3.958 2.151e+08     68.53    0.8455     3.124     3.625
     3.957 2.153e+08     80.22    0.8445     3.221     3.615
     3.956 2.154e+08     92.87    0.8437     3.312     3.606
     3.955 2.155e+08     102.3    0.8432     3.372       3.6
     3.954 2.155e+08       115    0.8425     3.447     3.593
     3.953 2.156e+08     124.5    0.8421     3.498     3.589
     3.952 2.156e+08     136.7    0.8416     3.558     3.583
     3.951 2.157e+08     147.9    0.8411     3.608     3.579
      3.95 2.157e+08     154.1    0.8408     3.634     3.577
     3.949 2.157e+08     165.6    0.8403      3.68     3.572
     3.948 2.158e+08     172.1    0.8401     3.703      3.57
     3.947 2.158e+08     180.9    0.8399     3.734     3.567
     3.946 2.158e+08     189.4    0.8396     3.762     3.564
     3.945 2.158e+08       199    0.8395     3.792     3.561
     3.945 2.158e+08     205.5    0.8395     3.812     3.558
     3.944 2.158e+08     214.1    0.8383     3.837     3.556
     3.942 2.158e+08     223.6     0.834     3.864     3.553
     3.942 2.159e+08     230.6    0.8258     3.883     3.551
      3.94 2.159e+08     240.6    0.8211     3.909     3.549
      3.94 2.159e+08     247.5    0.8192     3.927     3.547
     3.938 2.159e+08     255.9    0.8172     3.947     3.545
     3.938 2.159e+08     261.6    0.8126     3.961     3.543
     3.936 2.159e+08     273.8    0.8082     3.989      3.54
     3.935 2.159e+08     283.1    0.8077     4.009     3.538
     3.934 2.159e+08     289.2    0.8074     4.022     3.537
     3.933 2.159e+08     297.4     0.806     4.039     3.535
     3.932 2.159e+08     303.2    0.8052     4.051     3.534
     3.931 2.159e+08       312     0.805     4.068     3.532
     3.929 2.159e+08     322.4    0.8049     4.088      3.53
     3.928  2.16e+08     328.6    0.8048       4.1     3.529
     3.926  2.16e+08     336.6    0.8046     4.115     3.527
     3.918  2.16e+08     343.1     0.806     4.126     3.526
     3.917  2.16e+08     352.4    0.8065     4.142     3.524
     3.916  2.16e+08     362.5    0.8072     4.159     3.522
     3.913  2.16e+08     374.6    0.8084     4.179      3.52
     3.912  2.16e+08     381.6    0.8092     4.191     3.519
      3.91  2.16e+08     389.2    0.8102     4.203     3.517
     3.908  2.16e+08     397.4    0.8115     4.215     3.516
     3.905  2.16e+08     406.3    0.8131     4.229     3.515
     3.901 2.161e+08     415.8    0.8152     4.243     3.513
     3.896 2.161e+08     425.9    0.8177     4.258     3.512
     3.889 2.161e+08     436.6     0.821     4.273      3.51
     3.881 2.161e+08     448.1    0.8251     4.289     3.508
      3.87 2.161e+08     460.5    0.8303     4.306     3.507
     3.864 2.161e+08     467.1    0.8333     4.315     3.506
     3.856 2.162e+08     474.2    0.8368     4.324     3.505
     3.847 2.162e+08     481.7    0.8407     4.333     3.504
     3.838 2.162e+08     489.8    0.8451     4.344     3.503
     3.826 2.162e+08     498.8      0.85     4.355     3.502
     3.816 2.162e+08     507.1    0.8556     4.364       3.5
     3.803 2.162e+08     518.5    0.8607     4.374     3.498
     3.792 2.163e+08     529.1    0.8664     4.383     3.496
     3.778 2.163e+08       541    0.8717     4.393     3.494
     3.766 2.163e+08     552.1    0.8777     4.402     3.491
     3.751 2.163e+08     564.2    0.8832     4.412     3.489
     3.734 2.163e+08     577.4    0.8893     4.423     3.487
     3.715 2.164e+08     592.1    0.8963     4.436     3.485
     3.696 2.164e+08     605.4    0.9042     4.447     3.483
     3.679 2.164e+08     617.4    0.9114     4.457     3.481
     3.662 2.164e+08     628.1    0.9181     4.466     3.479
     3.647 2.164e+08     637.8    0.9243     4.474     3.478
     3.629 2.164e+08     648.3    0.9299     4.483     3.477
     3.612 2.165e+08     657.6    0.9362      4.49     3.475
     3.593 2.165e+08     667.4     0.942     4.498     3.474
     3.576 2.165e+08       676    0.9485     4.506     3.473
     3.559 2.165e+08     683.5    0.9545     4.512     3.473
     3.541 2.165e+08     691.6    0.9599     4.519     3.472
     3.524 2.165e+08     698.8     0.966     4.525     3.471
     3.504 2.165e+08     706.5    0.9715     4.531      3.47
     3.486 2.166e+08     713.2    0.9776     4.536     3.469
     3.466 2.166e+08     720.3    0.9833     4.542     3.469
     3.429 2.166e+08     733.3    0.9952      4.55     3.467
     3.396 2.166e+08     745.3     1.005     4.556     3.465
     3.376 2.166e+08     751.8      1.01     4.559     3.464
     3.353 2.166e+08     758.6     1.016     4.563     3.463
     3.313 2.167e+08     769.3     1.028     4.568     3.461
     3.276 2.167e+08     778.6     1.038     4.573     3.459
     3.238 2.167e+08     787.2     1.048     4.577     3.458
       3.2 2.167e+08       795     1.058      4.58     3.457
      3.16 2.167e+08     802.5     1.068     4.584     3.456
      3.12 2.168e+08     809.6     1.077     4.587     3.454
     3.079 2.168e+08     816.5     1.087      4.59     3.453
     3.038 2.168e+08     823.1     1.097     4.593     3.452
     2.995 2.168e+08     829.7     1.107     4.596     3.451
     2.952 2.168e+08     836.1     1.116     4.599     3.451
     2.895 2.169e+08       845      1.13     4.603     3.449
     2.821 2.169e+08     856.5     1.146     4.609     3.448
     2.762 2.169e+08     864.9     1.157     4.613     3.447
     2.683 2.169e+08     875.2     1.172     4.619     3.446
     2.582  2.17e+08     886.9     1.191     4.628     3.445
     2.512  2.17e+08     894.5     1.204     4.634     3.445
      2.44  2.17e+08     901.2     1.217     4.641     3.445
