       1.4    500000     1.409 2.257e-06     0.465     3.804
     1.396 3.436e+09     3.105    0.1688    0.7456     3.702
     1.396 3.546e+09     4.449     0.191     1.016     3.692
     1.395 3.591e+09     5.354    0.2029     1.158     3.687
     1.395 3.622e+09      6.33    0.2124     1.284     3.682
     1.394 3.642e+09     7.283    0.2211     1.387     3.677
     1.394 3.658e+09     8.312    0.2281     1.482     3.673
     1.393 3.684e+09      9.85    0.2445     1.604     3.666
     1.391   3.7e+09     11.54    0.2567     1.715     3.659
     1.391 3.708e+09     12.97    0.2631     1.796     3.654
      1.39 3.712e+09     14.03     0.267      1.85     3.651
     1.389 3.717e+09     15.54    0.2728     1.922     3.647
     1.389 3.719e+09     16.43    0.2758     1.961     3.644
     1.388 3.723e+09     17.98    0.2813     2.024      3.64
     1.387 3.725e+09     19.15    0.2858     2.068     3.638
     1.387 3.726e+09     20.01    0.2881     2.098     3.636
     1.386 3.728e+09     21.47    0.2919     2.146     3.633
     1.385  3.73e+09      22.6    0.2946     2.181      3.63
     1.384 3.731e+09     24.03    0.2981     2.221     3.627
     1.384 3.733e+09     25.36    0.3017     2.256     3.624
     1.383 3.734e+09     26.86     0.305     2.293     3.621
     1.382 3.735e+09     28.54    0.3087     2.333     3.617
     1.381 3.736e+09     30.06    0.3123     2.367     3.615
     1.379 3.737e+09     31.76    0.3157     2.403     3.612
     1.379 3.738e+09     32.73    0.3175     2.422      3.61
     1.378 3.738e+09     33.66    0.3195     2.441     3.608
     1.377 3.739e+09     35.25    0.3236     2.471     3.606
     1.376 3.739e+09      36.4    0.3255     2.492     3.604
     1.375  3.74e+09     37.91    0.3281     2.518     3.602
     1.375  3.74e+09     38.85    0.3296     2.534     3.601
     1.374  3.74e+09     39.92    0.3313     2.552     3.599
     1.373 3.741e+09     40.94    0.3333     2.569     3.598
     1.373 3.741e+09     41.91    0.3351     2.584     3.597
     1.372 3.741e+09     43.03    0.3368     2.602     3.595
     1.371 3.742e+09      44.1    0.3388     2.618     3.594
      1.37 3.742e+09     45.34    0.3406     2.636     3.593
     1.369 3.742e+09     46.53    0.3428     2.653     3.591
     1.368 3.743e+09     47.65    0.3447     2.669      3.59
     1.367 3.743e+09     48.95    0.3466     2.687     3.589
     1.366 3.743e+09     50.18    0.3487     2.703     3.587
     1.365 3.744e+09     51.61    0.3507     2.722     3.586
     1.364 3.744e+09     52.48    0.3539     2.733     3.585
     1.363 3.744e+09     53.81    0.3557     2.749     3.584
     1.362 3.744e+09     54.73     0.357      2.76     3.583
     1.361 3.744e+09      55.9    0.3586     2.774     3.582
      1.36 3.745e+09     57.37    0.3605     2.791      3.58
     1.359 3.745e+09     58.26    0.3617     2.801      3.58
     1.359 3.745e+09     59.28     0.363     2.813     3.579
     1.358 3.745e+09     60.46    0.3644     2.825     3.578
     1.356 3.745e+09     61.86    0.3661      2.84     3.576
     1.355 3.745e+09     63.48     0.368     2.856     3.574
     1.353 3.746e+09     65.37    0.3702     2.874     3.573
     1.352 3.746e+09     67.15    0.3726     2.891     3.571
      1.35 3.746e+09     68.85    0.3749     2.906     3.569
     1.349 3.746e+09     70.81    0.3771     2.924     3.568
     1.347 3.746e+09     73.12    0.3796     2.943     3.566
     1.344 3.747e+09      75.3    0.3824     2.962     3.564
     1.343 3.747e+09     76.31    0.3851      2.97     3.563
     1.342 3.747e+09     77.43    0.3863     2.979     3.562
     1.341 3.747e+09     78.71    0.3877      2.99     3.561
      1.34 3.747e+09     80.16    0.3892     3.001      3.56
     1.338 3.747e+09     81.82    0.3909     3.014     3.559
     1.336 3.747e+09     83.73    0.3929     3.029     3.558
     1.334 3.747e+09     85.94    0.3952     3.045     3.556
     1.332 3.748e+09     88.03    0.3977      3.06     3.555
     1.329 3.748e+09     90.45    0.4001     3.077     3.553
     1.327 3.748e+09     92.76    0.4028     3.092     3.551
     1.324 3.748e+09     95.45    0.4053      3.11      3.55
     1.321 3.748e+09     98.03    0.4082     3.126     3.548
     1.319 3.748e+09     100.4    0.4109     3.141     3.546
     1.316 3.748e+09     103.2    0.4135     3.158     3.544
     1.314 3.749e+09     104.7    0.4171     3.166     3.544
     1.313 3.749e+09     105.5    0.4178     3.171     3.543
     1.312 3.749e+09     106.4    0.4187     3.176     3.542
     1.311 3.749e+09     107.5    0.4196     3.182     3.542
      1.31 3.749e+09     108.7    0.4207     3.189     3.541
     1.308 3.749e+09       110    0.4219     3.196      3.54
     1.306 3.749e+09     111.5    0.4232     3.205     3.539
     1.304 3.749e+09     113.2    0.4247     3.214     3.538
     1.302 3.749e+09     115.1    0.4264     3.224     3.537
       1.3 3.749e+09     117.3    0.4283     3.235     3.536
     1.296 3.749e+09     119.8    0.4304     3.248     3.535
     1.293 3.749e+09     122.6    0.4328     3.262     3.533
     1.289 3.749e+09     125.9    0.4356     3.278     3.531
     1.285 3.749e+09       129    0.4387     3.293      3.53
     1.281  3.75e+09     131.9    0.4416     3.307     3.528
     1.277  3.75e+09     135.2    0.4443     3.322     3.527
     1.275  3.75e+09     136.5    0.4474     3.327     3.526
     1.273  3.75e+09     137.8    0.4485     3.333     3.526
     1.271  3.75e+09     139.4    0.4497      3.34     3.525
     1.269  3.75e+09     141.1    0.4511     3.347     3.524
     1.266  3.75e+09       143    0.4527     3.356     3.523
     1.263  3.75e+09     145.2    0.4545     3.365     3.522
     1.259  3.75e+09     147.7    0.4564     3.375     3.521
     1.255  3.75e+09     150.4    0.4586     3.386      3.52
     1.251  3.75e+09     153.7    0.4611     3.399     3.518
     1.245  3.75e+09     157.3     0.464     3.412     3.517
      1.24  3.75e+09     160.7    0.4672     3.425     3.515
     1.236  3.75e+09     162.7    0.4702     3.432     3.514
     1.234  3.75e+09     164.4     0.473     3.438     3.513
