       2.5      3111     2.204 2.517e-06     1.505     3.966
     2.493 6.177e+08     6.422    0.3067     1.907     3.835
     2.493 6.229e+08     11.81    0.3176     1.853     3.689
     2.493 6.241e+08     15.59    0.3216     2.042     3.676
     2.493 6.251e+08     19.87    0.3292     2.206     3.664
     2.492 6.257e+08     23.29    0.3362     2.312     3.656
     2.492 6.264e+08      27.3    0.3445     2.418     3.648
     2.491 6.273e+08     34.19    0.3596      2.57     3.637
     2.474 8.204e+08     39.03    0.5382     2.666     3.633
     2.472  8.21e+08     45.57    0.5385     2.766     3.624
     2.472 8.212e+08     48.82    0.5387     2.809      3.62
     2.471 8.215e+08     53.06     0.539      2.86     3.615
     2.471 8.216e+08     56.81    0.5394     2.903      3.61
      2.47 8.218e+08     62.36      0.54     2.962     3.605
     2.469 8.219e+08     65.57    0.5405     2.993     3.602
     2.469  8.22e+08     69.61    0.5411     3.031     3.598
     2.468 8.221e+08     75.42     0.542     3.083     3.594
     2.467 8.222e+08      81.7    0.5431     3.135     3.589
     2.466 8.223e+08     87.56    0.5443     3.179     3.586
     2.465 8.224e+08     92.76    0.5454     3.216     3.582
     2.465 8.224e+08     97.21    0.5464     3.247      3.58
     2.464 8.225e+08     101.7    0.5474     3.276     3.577
     2.462 8.226e+08     108.5    0.5491     3.317     3.573
     2.461 8.226e+08       114    0.5505     3.348      3.57
     2.459 8.227e+08     120.6    0.5523     3.383     3.567
     2.458 8.228e+08     124.5    0.5534     3.402     3.565
     2.456 8.228e+08     131.2     0.556     3.434     3.561
     2.454 8.229e+08     134.7    0.5572      3.45      3.56
     2.453 8.229e+08     138.5    0.5585     3.467     3.558
     2.451  8.23e+08     142.6    0.5601     3.486     3.556
     2.449  8.23e+08     147.2    0.5619     3.505     3.554
     2.446 8.231e+08     152.3     0.564     3.526     3.552
     2.443 8.232e+08     158.1    0.5664     3.549      3.55
      2.44 8.232e+08     164.6    0.5692     3.574     3.547
     2.435 8.233e+08     171.9    0.5725       3.6     3.544
     2.431 8.234e+08     178.7    0.5764     3.624     3.542
     2.426 8.235e+08     185.1    0.5801     3.645     3.539
     2.421 8.235e+08     192.3    0.5836     3.668     3.537
     2.416 8.236e+08     198.9    0.5876     3.688     3.535
     2.411 8.236e+08     205.1    0.5915     3.707     3.533
     2.405 8.237e+08     212.2    0.5951     3.727      3.53
     2.399 8.238e+08     218.7    0.5993     3.746     3.528
     2.392 8.238e+08     226.2    0.6033     3.766     3.526
     2.385 8.239e+08     233.2    0.6079     3.785     3.524
     2.379 8.239e+08     239.8    0.6121     3.801     3.522
     2.371  8.24e+08     247.2    0.6162      3.82      3.52
     2.364  8.24e+08     254.1    0.6208     3.836     3.518
     2.356 8.241e+08     260.6    0.6251     3.851     3.517
     2.348 8.241e+08     267.7    0.6291     3.868     3.515
      2.34 8.242e+08     274.4    0.6337     3.883     3.513
      2.33 8.242e+08       282     0.638     3.899     3.512
     2.321 8.243e+08     289.1    0.6429     3.914      3.51
     2.312 8.243e+08     296.1    0.6475     3.928     3.508
     2.302 8.244e+08       304    0.6518     3.943     3.506
     2.292 8.244e+08     311.3    0.6566     3.957     3.504
     2.281 8.245e+08     319.6    0.6611     3.972     3.502
      2.27 8.245e+08     327.4    0.6663     3.985     3.501
     2.259 8.245e+08     336.4     0.671     3.997     3.498
     2.249 8.246e+08     345.2    0.6755     4.008     3.495
      2.24 8.246e+08     353.1    0.6795     4.018     3.492
     2.229 8.246e+08     361.6    0.6833     4.029      3.49
     2.216 8.247e+08     370.9    0.6875     4.041     3.487
     2.201 8.247e+08     381.3    0.6923     4.054     3.485
     2.187 8.247e+08     390.6    0.6978     4.066     3.483
      2.17 8.248e+08     400.9    0.7028      4.08      3.48
     2.154 8.248e+08     410.4    0.7085     4.091     3.478
     2.138 8.248e+08     418.5    0.7138     4.102     3.477
     2.124 8.249e+08     425.9    0.7186     4.112     3.475
     2.107 8.249e+08     434.2    0.7231     4.123     3.474
     2.092 8.249e+08     442.7    0.7282     4.132     3.472
     2.077 8.249e+08     450.8    0.7328     4.141      3.47
      2.06  8.25e+08     461.5    0.7371      4.15     3.467
     2.043  8.25e+08     471.7    0.7419     4.158     3.465
     2.025  8.25e+08     482.8    0.7463     4.167     3.462
     2.007  8.25e+08     492.6    0.7513     4.176      3.46
      1.99 8.251e+08     501.4    0.7558     4.183     3.458
     1.971 8.251e+08     510.9      0.76     4.191     3.455
     1.953 8.251e+08     519.5    0.7646     4.198     3.454
     1.936 8.251e+08     527.1    0.7689     4.205     3.452
     1.916 8.251e+08     535.4    0.7728     4.212     3.451
     1.898 8.252e+08     543.2    0.7771     4.218     3.449
     1.881 8.252e+08     550.2    0.7811     4.224     3.448
     1.862 8.252e+08     557.8    0.7848      4.23     3.446
     1.844 8.252e+08     563.8    0.7888     4.236     3.445
     1.823 8.252e+08     570.4    0.7925     4.242     3.444
     1.804 8.253e+08     576.5    0.7966     4.248     3.443
     1.782 8.253e+08     585.3    0.8004     4.253     3.442
     1.761 8.253e+08     593.5    0.8046     4.259      3.44
     1.738 8.253e+08     606.8    0.8084     4.264     3.436
     1.715 8.253e+08     616.4    0.8126      4.27     3.434
     1.695 8.253e+08     624.1    0.8165     4.274     3.433
     1.675 8.254e+08     630.4      0.82     4.278     3.432
     1.653 8.254e+08     636.9    0.8232     4.283     3.431
     1.633 8.254e+08     642.3    0.8268     4.287      3.43
      1.61 8.254e+08     647.8      0.83     4.291     3.429
     1.589 8.254e+08     652.3    0.8336     4.295     3.428
     1.569 8.254e+08     656.1    0.8368     4.299     3.428
     1.551 8.254e+08     659.3    0.8398     4.302     3.428
     1.511 8.255e+08     665.2    0.8455     4.309     3.428
     1.478 8.255e+08     669.3    0.8506     4.314     3.428
