       1.1    500000     1.002 1.986e-06   0.01088     3.764
     1.097 8.389e+09     2.373    0.1455    0.4848     3.695
     1.096 8.656e+09     3.602     0.176    0.8082     3.686
     1.095 8.762e+09     4.944    0.1947     1.056     3.679
     1.095 8.808e+09     6.171    0.2074     1.222     3.672
     1.093 8.847e+09     7.886    0.2233     1.401     3.664
     1.092 8.882e+09     8.991    0.2408     1.497     3.659
     1.091 8.899e+09     10.69    0.2499     1.621     3.652
      1.09 8.906e+09      11.8     0.255      1.69     3.649
     1.089 8.916e+09      13.8     0.263     1.801     3.642
     1.087 8.923e+09     15.66    0.2701     1.891     3.637
     1.087 8.926e+09     17.01    0.2744     1.948     3.634
     1.086 8.928e+09     17.94    0.2776     1.984     3.631
     1.085 8.931e+09     19.29    0.2826     2.033     3.627
     1.083 8.934e+09     21.39    0.2879     2.101     3.622
     1.083 8.936e+09     22.37    0.2901      2.13      3.62
     1.082 8.937e+09      23.7    0.2931     2.168     3.617
      1.08 8.939e+09     25.81    0.2982     2.225     3.612
     1.079 8.941e+09     27.26    0.3018     2.261     3.609
     1.078 8.941e+09     28.09    0.3034     2.281     3.608
     1.077 8.942e+09     29.64     0.307     2.316     3.605
     1.077 8.943e+09     30.53    0.3086     2.335     3.603
     1.075 8.944e+09     32.19    0.3123      2.37     3.601
     1.074 8.945e+09     34.01    0.3158     2.407     3.598
     1.072 8.946e+09     35.73    0.3201      2.44     3.595
     1.071 8.946e+09     36.84    0.3219      2.46     3.594
      1.07 8.947e+09     38.27    0.3243     2.485     3.592
     1.068 8.948e+09     40.19    0.3273     2.518     3.589
     1.066 8.948e+09      42.3    0.3308     2.552     3.587
     1.064 8.949e+09      44.4    0.3347     2.584     3.584
     1.063 8.949e+09     45.59    0.3364     2.601     3.583
     1.062  8.95e+09     46.73    0.3384     2.617     3.581
     1.061  8.95e+09     48.06    0.3402     2.636      3.58
     1.059  8.95e+09     49.34    0.3423     2.653     3.579
     1.058 8.951e+09      50.6    0.3443     2.669     3.577
     1.057 8.951e+09     52.07    0.3461     2.686     3.575
     1.056 8.951e+09     53.45    0.3483     2.703     3.574
     1.054 8.951e+09     54.46    0.3509     2.714     3.572
     1.053 8.952e+09     55.74    0.3525     2.729     3.571
     1.052 8.952e+09     57.37    0.3545     2.747     3.569
      1.05 8.952e+09     59.49     0.357      2.77     3.567
     1.048 8.952e+09     60.79    0.3585     2.783     3.566
     1.047 8.953e+09     62.27    0.3603     2.798     3.564
     1.045 8.953e+09        64    0.3622     2.815     3.563
     1.043 8.953e+09     65.64    0.3645     2.831     3.561
     1.041 8.953e+09     67.17    0.3665     2.846      3.56
     1.039 8.953e+09     68.95    0.3685     2.862     3.558
     1.037 8.954e+09     71.01    0.3707     2.881     3.556
     1.035 8.954e+09     72.99    0.3733     2.898     3.555
     1.032 8.954e+09     74.86    0.3756     2.914     3.553
      1.03 8.954e+09     76.63    0.3779     2.929     3.552
     1.028 8.954e+09     78.26    0.3799     2.942     3.551
     1.026 8.954e+09     80.18    0.3818     2.957     3.549
     1.024 8.955e+09     82.41     0.384     2.973     3.547
     1.021 8.955e+09      84.5    0.3864     2.988     3.546
     1.018 8.955e+09     86.93    0.3887     3.006     3.544
     1.015 8.955e+09     89.24    0.3913     3.022     3.542
     1.012 8.955e+09     91.41    0.3938     3.036      3.54
     1.009 8.955e+09     93.92     0.396     3.053     3.539
     1.006 8.956e+09     96.29    0.3986     3.068     3.537
     1.002 8.956e+09     99.05     0.401     3.085     3.535
    0.9986 8.956e+09     101.7    0.4038     3.101     3.533
    0.9963 8.956e+09     103.4    0.4077     3.111     3.532
    0.9949 8.956e+09     104.4    0.4086     3.117     3.532
    0.9931 8.956e+09     105.6    0.4097     3.124     3.531
     0.991 8.956e+09     107.2     0.411     3.133      3.53
    0.9882 8.956e+09     109.1    0.4127     3.144     3.529
    0.9865 8.956e+09     110.2    0.4137      3.15     3.528
    0.9847 8.956e+09     111.5    0.4148     3.157     3.527
    0.9825 8.956e+09       113     0.416     3.165     3.527
    0.9801 8.956e+09     114.7    0.4174     3.174     3.526
    0.9773 8.957e+09     116.5    0.4189     3.183     3.524
    0.9741 8.957e+09     118.6    0.4206     3.194     3.523
    0.9704 8.957e+09       121    0.4226     3.206     3.522
     0.966 8.957e+09     123.9    0.4248      3.22      3.52
    0.9609 8.957e+09     127.1    0.4273     3.235     3.519
     0.956 8.957e+09     130.2    0.4302     3.249     3.517
    0.9517 8.957e+09       133    0.4328     3.261     3.515
    0.9466 8.957e+09     136.1    0.4351     3.274     3.513
    0.9407 8.957e+09     139.8    0.4377     3.289     3.511
     0.935 8.957e+09     143.2    0.4406     3.302     3.509
    0.9309 8.957e+09     145.7    0.4434     3.312     3.508
    0.9262 8.958e+09     148.5    0.4453     3.322     3.507
    0.9206 8.958e+09     151.6    0.4475     3.334     3.505
    0.9142 8.958e+09     155.3      0.45     3.347     3.503
    0.9126 8.958e+09     156.1    0.4533      3.35     3.503
    0.9095 8.958e+09     157.9    0.4545     3.357     3.502
    0.9077 8.958e+09     158.9    0.4552      3.36     3.501
    0.9055 8.958e+09     160.1     0.456     3.364     3.501
    0.9028 8.958e+09     161.6     0.457     3.369       3.5
    0.9012 8.958e+09     162.8    0.4576     3.372     3.499
    0.8997 8.958e+09     163.9    0.4583     3.375     3.498
    0.8981 8.958e+09       165    0.4589     3.378     3.498
    0.8962 8.958e+09     166.3    0.4595     3.381     3.497
    0.8942 8.958e+09     167.7    0.4603     3.385     3.496
    0.8919 8.958e+09     169.2    0.4611     3.389     3.495
    0.8893 8.958e+09     170.8     0.462     3.393     3.494
    0.8863 8.958e+09     172.6     0.463     3.398     3.493
     0.883 8.958e+09     174.6    0.4641     3.403     3.492
    0.8793 8.958e+09     176.8    0.4653     3.409      3.49
