         6      2290     3.604 1.694e-06     2.966     4.225
     5.985 6.635e+07     13.71    0.9665     3.458     4.058
     5.985 6.642e+07     20.71    0.9726     3.425      3.96
     5.985 6.646e+07     30.78    0.9751      3.37      3.86
     5.985 6.648e+07     42.34    0.9763     3.318     3.778
     5.985 6.648e+07     49.69    0.9767     3.289     3.736
     5.985 6.651e+07     60.77    0.9775     3.173     3.663
     5.985 6.652e+07      71.4    0.9777     3.244     3.646
     5.985 6.652e+07     79.59    0.9778     3.306     3.638
     5.985 6.653e+07     89.96    0.9779     3.377     3.629
     5.984 6.656e+07     102.1    0.9785     3.453     3.621
     5.984 6.659e+07     115.6    0.9792     3.531     3.613
     5.984 6.661e+07     125.7    0.9799     3.585     3.608
     5.984 6.662e+07     131.9    0.9804     3.616     3.606
     5.983 6.665e+07     142.2    0.9828     3.664     3.602
     5.903 7.694e+07     154.6     1.468     3.722     3.598
     5.903 7.695e+07     160.7     1.467     3.747     3.596
     5.902 7.697e+07     170.6     1.465     3.785     3.592
     5.902 7.698e+07     177.4     1.464      3.81      3.59
     5.901   7.7e+07     190.5     1.463     3.855     3.586
     5.901 7.702e+07     201.7     1.462     3.891     3.582
       5.9 7.703e+07     213.6      1.46     3.927     3.579
     5.899 7.704e+07     221.5     1.459     3.949     3.576
     5.898 7.705e+07       230     1.458     3.972     3.574
     5.898 7.706e+07     238.9     1.457     3.995     3.571
     5.897 7.706e+07     246.8     1.456     4.015     3.569
     5.896 7.707e+07     258.9     1.454     4.044     3.566
     5.895 7.708e+07     274.2     1.452     4.079     3.563
     5.894 7.709e+07     287.1      1.45     4.108      3.56
     5.894  7.71e+07     294.3     1.448     4.123     3.558
     5.893  7.71e+07     305.1     1.446     4.145     3.556
      5.89 7.712e+07     319.7     1.234     4.178     3.554
      5.89 7.712e+07       333     1.171     4.204     3.552
     5.889 7.712e+07     342.7     1.149     4.222      3.55
     5.889 7.713e+07     351.8     1.126     4.239     3.548
     5.889 7.713e+07     367.2     1.103     4.265     3.546
     5.888 7.713e+07     376.8     1.088     4.281     3.544
     5.888 7.713e+07     384.2     1.081     4.293     3.543
     5.888 7.713e+07     394.3     1.073     4.309     3.541
     5.887 7.713e+07     403.9     1.063     4.324      3.54
     5.887 7.713e+07     418.7     1.054     4.346     3.537
     5.887 7.714e+07     429.6     1.049     4.362     3.536
     5.886 7.714e+07     439.1     1.044     4.375     3.534
     5.886 7.714e+07     450.7      1.04     4.391     3.533
     5.885 7.714e+07     463.8     1.034     4.409     3.531
     5.885 7.714e+07     479.1      1.03     4.428     3.529
     5.884 7.714e+07     492.1     1.027     4.445     3.527
     5.884 7.714e+07     502.3     1.025     4.457     3.526
     5.883 7.714e+07     514.4     1.023     4.472     3.524
     5.883 7.714e+07     525.5     1.022     4.485     3.523
      5.88 7.715e+07       533     1.022     4.493     3.522
     5.879 7.715e+07     542.7     1.022     4.504     3.521
     5.879 7.715e+07     554.4     1.022     4.517     3.519
     5.879 7.715e+07     568.3     1.023     4.532     3.518
     5.878 7.715e+07     583.6     1.023     4.549     3.516
     5.878 7.715e+07     598.5     1.023     4.564     3.514
     5.878 7.715e+07     606.5     1.023     4.572     3.514
     5.878 7.715e+07     614.6     1.023      4.58     3.513
     5.877 7.715e+07       623     1.023     4.589     3.512
     5.877 7.715e+07     630.9     1.024     4.596     3.511
     5.877 7.715e+07     639.3     1.024     4.604      3.51
     5.876 7.715e+07     647.8     1.024     4.613     3.509
     5.876 7.716e+07     656.3     1.024     4.621     3.509
     5.875 7.716e+07       665     1.024     4.629     3.508
     5.875 7.716e+07     673.6     1.025     4.637     3.507
     5.874 7.716e+07     682.2     1.025     4.645     3.506
     5.873 7.716e+07     690.7     1.025     4.653     3.506
     5.872 7.716e+07     699.3     1.026     4.661     3.505
     5.872 7.716e+07     708.7     1.026     4.669     3.504
     5.871 7.716e+07     716.3     1.027     4.676     3.503
     5.869 7.716e+07     731.5     1.028     4.689     3.502
     5.866 7.716e+07     746.3     1.029     4.702     3.501
     5.862 7.717e+07     760.6     1.031     4.714       3.5
     5.858 7.717e+07     774.9     1.033     4.725     3.498
     5.853 7.717e+07     789.6     1.035     4.734     3.497
     5.846 7.718e+07     804.1     1.038     4.742     3.495
     5.838 7.718e+07     818.1     1.042      4.75     3.493
     5.827 7.719e+07     831.9     1.046     4.759     3.492
     5.816  7.72e+07     843.8     1.051     4.765      3.49
     5.802  7.72e+07     856.3     1.057     4.773     3.489
     5.785 7.721e+07     869.7     1.064      4.78     3.487
     5.763 7.722e+07       884     1.073     4.788     3.486
     5.736 7.724e+07     899.4     1.083     4.797     3.484
     5.705 7.725e+07     914.5     1.096     4.805     3.483
     5.676 7.727e+07     927.3     1.108     4.813     3.481
     5.662 7.727e+07     933.6     1.115     4.816     3.481
     5.635 7.729e+07     944.9     1.126     4.822      3.48
     5.607  7.73e+07     955.2     1.137     4.828     3.479
     5.576 7.731e+07     965.6     1.149     4.834     3.478
     5.548 7.732e+07     974.2      1.16     4.838     3.477
     5.521 7.733e+07     982.6     1.171     4.843     3.476
     5.478 7.735e+07     995.2     1.186     4.849     3.475
     5.451 7.736e+07      1002     1.196     4.853     3.475
     5.408 7.738e+07      1012     1.212     4.858     3.474
     5.365 7.739e+07      1022     1.227     4.863     3.473
     5.295 7.742e+07      1036     1.251      4.87     3.472
     5.241 7.744e+07      1046      1.27     4.875     3.471
      5.15 7.747e+07      1061       1.3     4.882      3.47
     5.045  7.75e+07      1076     1.333     4.889     3.468
     4.972 7.752e+07      1087     1.355     4.894     3.467
