         9      2290     4.504 1.211e-06     3.576     4.329
     8.981 2.725e+07     9.107     1.732     3.963     4.273
     8.978 2.851e+07      15.4     1.749     4.072     4.186
     8.978 2.852e+07     19.43     1.754     4.074     4.136
     8.978 2.853e+07      22.5     1.756     4.071     4.103
     8.978 2.853e+07     26.98     1.758     4.063     4.062
     8.978 2.854e+07     33.21     1.759     4.049     4.013
     8.978 2.854e+07     39.71      1.76     4.035     3.971
     8.978 2.855e+07     45.14     1.761     4.023      3.94
     8.978 2.855e+07     51.89     1.761     4.008     3.906
     8.978 2.855e+07     55.91     1.761         4     3.888
     8.978 2.855e+07     60.54     1.761     3.991     3.869
     8.978 2.855e+07     67.45     1.762     3.979     3.842
     8.978 2.855e+07     72.27     1.762     3.972     3.825
     8.978 2.855e+07      77.2     1.762     3.964     3.809
     8.978 2.855e+07      82.3     1.762     3.955     3.793
     8.978 2.856e+07     85.22     1.762      3.95     3.784
     8.978 2.856e+07     89.94     1.762     3.944     3.771
     8.978 2.856e+07     94.47     1.762     3.937     3.759
     8.978 2.856e+07     97.63     1.762     3.933      3.75
     8.978 2.856e+07     101.7     1.762     3.926      3.74
     8.978 2.856e+07       107     1.762     3.918     3.727
     8.978 2.856e+07       114     1.762     3.906      3.71
     8.978 2.856e+07     118.1     1.762     3.898       3.7
     8.978 2.856e+07       122     1.762     3.892     3.692
     8.978 2.856e+07     128.7     1.762      3.87     3.675
     8.978 2.856e+07     133.9     1.763     3.841     3.659
     8.977 2.856e+07     137.3     1.763     3.784     3.639
     8.977 2.856e+07     142.6     1.763     3.789     3.632
     8.977 2.856e+07     146.6     1.763     3.798     3.628
     8.977 2.856e+07       151     1.763     3.811     3.625
     8.977 2.856e+07     156.3     1.763     3.828     3.622
     8.977 2.856e+07       162     1.763     3.846     3.619
     8.977 2.856e+07     166.3     1.763     3.861     3.617
     8.977 2.856e+07       171     1.763     3.877     3.615
     8.977 2.856e+07     175.8     1.763     3.893     3.613
     8.977 2.856e+07     178.5     1.763     3.902     3.612
     8.977 2.857e+07     183.5     1.763     3.918      3.61
     8.977 2.857e+07     189.7     1.763     3.938     3.608
     8.977 2.857e+07     193.1     1.763      3.95     3.606
     8.977 2.857e+07     200.1     1.763     3.971     3.604
     8.977 2.857e+07     206.6     1.763     3.991     3.602
     8.977 2.857e+07     212.4     1.763     4.008       3.6
     8.977 2.857e+07       217     1.763     4.021     3.599
     8.977 2.857e+07     223.6     1.763      4.04     3.597
     8.977 2.857e+07     227.8     1.763     4.051     3.596
     8.977 2.857e+07     231.4     1.763      4.06     3.595
     8.977 2.857e+07     237.1     1.763     4.075     3.593
     8.977 2.857e+07     240.1     1.763     4.083     3.592
     8.977 2.857e+07     245.3     1.763     4.096     3.591
     8.977 2.857e+07     251.6     1.763     4.111     3.589
     8.977 2.857e+07     256.5     1.763     4.123     3.588
     8.977 2.857e+07     260.3     1.763     4.132     3.587
     8.977 2.858e+07     264.9     1.764     4.143     3.586
     8.977 2.858e+07     269.9     1.764     4.155     3.585
     8.976 2.858e+07     276.5     1.764     4.169     3.583
     8.976 2.858e+07     283.1     1.764     4.184     3.582
     8.976 2.858e+07     287.4     1.764     4.194     3.581
     8.976 2.859e+07     290.5     1.764       4.2      3.58
     8.976 2.859e+07     296.8     1.764     4.214     3.579
     8.975 2.859e+07     301.1     1.764     4.223     3.578
     8.975 2.859e+07     304.4     1.765      4.23     3.578
     8.974  2.86e+07     309.5     1.766      4.24     3.577
     8.836 3.218e+07     313.7     2.528     4.257     3.578
     8.835 3.218e+07     317.9     2.528     4.265     3.577
     8.835 3.218e+07     321.9     2.528     4.272     3.576
     8.835 3.218e+07     327.5     2.528     4.283     3.575
     8.833 3.219e+07     332.4     2.523     4.292     3.574
     8.833  3.22e+07     336.1     2.523     4.298     3.573
     8.833  3.22e+07     340.6     2.522     4.306     3.572
     8.833  3.22e+07       346     2.521     4.315     3.571
     8.832  3.22e+07     352.2      2.52     4.326      3.57
     8.832  3.22e+07     357.9     2.519     4.336     3.569
     8.832  3.22e+07     364.1     2.518     4.346     3.568
     8.832  3.22e+07       371     2.518     4.357     3.566
     8.831 3.221e+07     378.3     2.517     4.369     3.565
     8.831 3.221e+07     384.8     2.516     4.379     3.564
      8.83 3.221e+07     391.8     2.515     4.391     3.563
      8.83 3.221e+07       398     2.514       4.4     3.562
      8.83 3.221e+07     404.8     2.513     4.411     3.561
     8.829 3.221e+07       411     2.512      4.42      3.56
     8.829 3.222e+07     417.7     2.512      4.43     3.559
     8.828 3.222e+07     423.8     2.511     4.439     3.558
     8.828 3.222e+07     430.6      2.51     4.449     3.557
     8.827 3.222e+07     436.8     2.509     4.457     3.556
     8.827 3.222e+07     442.5     2.508     4.465     3.555
     8.826 3.222e+07     447.6     2.507     4.472     3.555
     8.826 3.223e+07     452.4     2.506     4.479     3.554
     8.826 3.223e+07     457.7     2.505     4.486     3.553
     8.825 3.223e+07     463.7     2.505     4.494     3.552
     8.825 3.223e+07     469.3     2.503     4.501     3.552
     8.824 3.223e+07     474.3     2.502     4.508     3.551
     8.824 3.223e+07       479     2.501     4.514      3.55
     8.824 3.223e+07     483.1       2.5     4.519      3.55
     8.823 3.223e+07     486.9     2.499     4.524     3.549
     8.823 3.223e+07     490.3     2.498     4.528     3.549
     8.823 3.223e+07     494.1     2.496     4.533     3.548
     8.822 3.224e+07     500.4     2.494     4.541     3.547
     8.822 3.224e+07     505.3     2.491     4.547     3.547
     8.821 3.224e+07     509.2     2.489     4.552     3.546
