         1    500000    0.8898 1.859e-06   -0.1733     3.744
    0.9968 1.177e+10     1.854    0.1239    0.3282      3.71
    0.9957 1.234e+10     3.948    0.1801    0.8642      3.68
    0.9948 1.243e+10     5.441    0.1995     1.111     3.672
    0.9925 1.252e+10     7.686    0.2313     1.369     3.661
    0.9912 1.255e+10     9.524    0.2428     1.523     3.653
    0.9899 1.257e+10     11.35    0.2517     1.649     3.647
    0.9891 1.257e+10      12.5    0.2568     1.717     3.643
    0.9875 1.258e+10     14.76    0.2659     1.835     3.636
    0.9863 1.259e+10     16.34    0.2707     1.905     3.632
    0.9852 1.259e+10     17.72    0.2754      1.96     3.628
    0.9836  1.26e+10     19.92    0.2817     2.037     3.622
    0.9817  1.26e+10     22.33    0.2879     2.113     3.616
      0.98  1.26e+10     24.33    0.2933      2.17     3.611
    0.9782  1.26e+10     26.49    0.2984     2.226     3.607
    0.9762 1.261e+10     28.82    0.3035     2.282     3.603
    0.9748 1.261e+10      30.5     0.307     2.319       3.6
    0.9734 1.261e+10     32.02    0.3104     2.352     3.597
    0.9722 1.261e+10     33.28    0.3137     2.378     3.595
    0.9703 1.261e+10     35.36    0.3173     2.418     3.592
    0.9688 1.261e+10      36.9    0.3199     2.446      3.59
    0.9668 1.261e+10     38.96    0.3231     2.482     3.587
    0.9648 1.261e+10     41.03    0.3271     2.517     3.585
    0.9624 1.261e+10     43.34    0.3309     2.553     3.582
    0.9602 1.261e+10      45.5    0.3354     2.585     3.579
    0.9588 1.261e+10     46.95    0.3374     2.604     3.577
    0.9569 1.261e+10     48.84    0.3398     2.629     3.575
    0.9543 1.261e+10     51.33     0.343      2.66     3.572
    0.9526 1.261e+10     52.88    0.3449     2.679      3.57
     0.951 1.261e+10     54.36    0.3472     2.696     3.568
    0.9495 1.262e+10     55.77    0.3493     2.712     3.567
    0.9477 1.262e+10      57.4    0.3512      2.73     3.565
    0.9459 1.262e+10     58.95    0.3534     2.747     3.563
    0.9443 1.262e+10     60.42    0.3555     2.762     3.562
    0.9423 1.262e+10     62.13    0.3575      2.78      3.56
    0.9404 1.262e+10     63.75    0.3597     2.796     3.559
    0.9386 1.262e+10     65.28    0.3618     2.811     3.557
    0.9365 1.262e+10     67.05    0.3637     2.828     3.556
    0.9344 1.262e+10     68.72    0.3659     2.843     3.554
     0.932 1.262e+10     70.67     0.368     2.861     3.553
    0.9295 1.262e+10     72.64     0.372     2.878     3.551
    0.9278 1.262e+10     74.03    0.3735      2.89      3.55
    0.9256 1.262e+10     75.82    0.3753     2.904     3.548
    0.9227 1.262e+10     78.11    0.3776     2.923     3.546
     0.921 1.262e+10      79.5    0.3789     2.933     3.545
    0.9189 1.262e+10     81.08    0.3804     2.945     3.544
    0.9166 1.262e+10     82.88    0.3821     2.959     3.542
    0.9138 1.262e+10     84.95    0.3841     2.974     3.541
    0.9105 1.262e+10     87.34    0.3863      2.99     3.539
    0.9074 1.262e+10     89.61    0.3889     3.006     3.537
    0.9044 1.262e+10     91.75    0.3912      3.02     3.536
    0.9015 1.262e+10     93.75    0.3934     3.033     3.534
    0.8982 1.262e+10     96.06    0.3955     3.048     3.533
    0.8959 1.262e+10      97.6    0.3978     3.058     3.532
    0.8933 1.262e+10     99.35    0.3993     3.068      3.53
    0.8904 1.262e+10     101.3     0.401     3.081     3.529
    0.8869 1.262e+10     103.6     0.403     3.094     3.528
    0.8828 1.262e+10     106.2    0.4052     3.109     3.526
    0.8789 1.262e+10     108.7    0.4077     3.123     3.524
    0.8752 1.262e+10       111      0.41     3.135     3.523
    0.8709 1.262e+10     113.7    0.4122      3.15     3.521
    0.8668 1.262e+10     116.3    0.4146     3.163      3.52
    0.8619 1.262e+10     119.2    0.4169     3.177     3.518
    0.8578 1.262e+10     121.7    0.4205     3.189     3.517
    0.8553 1.262e+10     123.2    0.4217     3.196     3.516
    0.8525 1.262e+10       125     0.423     3.204     3.514
    0.8493 1.262e+10     126.9    0.4244     3.213     3.513
    0.8467 1.262e+10     128.4     0.426     3.219     3.512
    0.8438 1.262e+10     130.2    0.4273     3.227     3.511
    0.8405 1.262e+10     132.1    0.4287     3.235      3.51
    0.8367 1.262e+10     134.3    0.4302     3.244     3.509
    0.8323 1.262e+10     136.8     0.432     3.254     3.508
    0.8273 1.262e+10     139.6     0.434     3.266     3.506
    0.8213 1.262e+10     142.8    0.4362     3.278     3.504
    0.8175 1.262e+10     144.9    0.4395     3.287     3.503
    0.8135 1.262e+10       147    0.4411     3.295     3.502
    0.8111 1.262e+10     148.3     0.442     3.299     3.501
    0.8084 1.262e+10     149.7    0.4429     3.305       3.5
    0.8054 1.262e+10     151.4     0.444      3.31     3.499
     0.802 1.262e+10     153.8    0.4452     3.317     3.498
    0.7988 1.262e+10     155.8    0.4465     3.322     3.496
    0.7952 1.262e+10     158.1    0.4478     3.329     3.495
     0.791 1.262e+10     160.6    0.4491     3.336     3.493
    0.7863 1.262e+10     163.2    0.4506     3.344     3.491
    0.7808 1.262e+10     166.2    0.4523     3.353      3.49
    0.7748 1.262e+10     169.4    0.4542     3.362     3.488
    0.7697 1.262e+10     171.9    0.4563     3.369     3.487
    0.7663 1.262e+10     173.6    0.4585     3.374     3.486
     0.762 1.262e+10     175.6    0.4597      3.38     3.485
    0.7594 1.262e+10     176.8    0.4605     3.384     3.484
    0.7566 1.262e+10     178.1    0.4613     3.388     3.484
    0.7534 1.262e+10     179.4    0.4622     3.392     3.483
    0.7498 1.262e+10       181    0.4632     3.397     3.482
    0.7457 1.262e+10       183    0.4643     3.402     3.481
     0.741 1.262e+10     185.3    0.4655     3.408      3.48
    0.7357 1.262e+10     187.9    0.4669     3.414     3.478
    0.7296 1.262e+10     190.7    0.4684     3.421     3.477
    0.7227 1.262e+10     193.8    0.4702     3.428     3.475
    0.7193 1.262e+10     195.2    0.4727     3.431     3.474
    0.7141 1.262e+10     197.3     0.474     3.436     3.473
