       1.6    500000     1.672  2.37e-06    0.7129     3.828
     1.596 2.047e+09     2.623 2.115e-05    0.9519      3.79
     1.595 2.256e+09     3.782    0.1893    0.9347     3.707
     1.595 2.273e+09     4.953    0.1981     1.126     3.696
     1.595 2.288e+09       6.1    0.2077     1.281      3.69
     1.595 2.299e+09     7.075    0.2159     1.391     3.685
     1.595 2.308e+09     8.062    0.2236     1.487      3.68
     1.594  2.32e+09     9.523    0.2342     1.605     3.674
     1.594 2.327e+09     10.65    0.2425     1.683     3.669
     1.593 2.334e+09     11.51    0.2496     1.737     3.666
     1.592 2.353e+09     12.54     0.269     1.799     3.662
     1.591 2.357e+09     13.72    0.2733      1.86     3.658
     1.591 2.362e+09     15.18     0.278     1.929     3.654
      1.59 2.364e+09     16.03    0.2807     1.967     3.651
      1.59 2.366e+09     16.96    0.2836     2.006     3.649
     1.589 2.368e+09     18.32     0.288     2.059     3.645
     1.589 2.371e+09     19.87    0.2923     2.115     3.642
     1.588 2.372e+09     20.92    0.2954     2.151     3.639
     1.588 2.373e+09     21.51    0.2969      2.17     3.638
     1.587 2.374e+09     22.62    0.3001     2.205     3.636
     1.587 2.375e+09     23.86    0.3031     2.241     3.633
     1.586 2.376e+09     24.57    0.3047     2.261     3.632
     1.585 2.377e+09     25.91    0.3082     2.296     3.629
     1.585 2.378e+09     26.82    0.3107     2.319     3.627
     1.584 2.379e+09     28.05    0.3132     2.348     3.625
     1.584 2.379e+09     28.82    0.3146     2.365     3.623
     1.583  2.38e+09     29.72    0.3163     2.385     3.622
     1.583  2.38e+09     30.57    0.3182     2.403      3.62
     1.582 2.381e+09     31.39      0.32      2.42     3.619
     1.582 2.381e+09     32.35    0.3217      2.44     3.617
     1.581 2.382e+09     33.25    0.3236     2.458     3.615
     1.581 2.382e+09     34.11    0.3255     2.474     3.614
      1.58 2.382e+09     34.98    0.3272     2.491     3.613
      1.58 2.383e+09     35.99    0.3289     2.509     3.611
     1.579 2.383e+09     36.96    0.3308     2.527      3.61
     1.579 2.384e+09      38.1    0.3327     2.546     3.608
     1.578 2.384e+09     39.19    0.3347     2.564     3.606
     1.577 2.384e+09     40.21    0.3367     2.581     3.605
     1.576 2.385e+09     41.41    0.3386       2.6     3.603
     1.576 2.385e+09     42.56    0.3407     2.618     3.602
     1.575 2.385e+09     43.64    0.3427     2.634       3.6
     1.575 2.385e+09     44.43    0.3445     2.646     3.599
     1.574 2.386e+09     45.33    0.3459     2.659     3.598
     1.573 2.386e+09     46.36    0.3474     2.674     3.597
     1.572 2.386e+09     47.56    0.3491     2.691     3.596
     1.571 2.387e+09     48.96    0.3511      2.71     3.594
     1.571 2.387e+09      50.3    0.3534     2.728     3.593
      1.57 2.387e+09     51.56    0.3555     2.744     3.592
     1.569 2.387e+09     53.02    0.3575     2.762      3.59
     1.568 2.388e+09     54.42    0.3598     2.779     3.589
     1.567 2.388e+09     55.74     0.362     2.795     3.588
     1.565 2.388e+09     57.28     0.364     2.813     3.586
     1.564 2.388e+09     58.73    0.3663      2.83     3.585
     1.563 2.388e+09     60.43    0.3684     2.848     3.583
     1.562 2.389e+09     62.04    0.3709     2.866     3.582
     1.561 2.389e+09     63.58    0.3732     2.882     3.581
      1.56 2.389e+09     64.46    0.3762     2.891      3.58
     1.559 2.389e+09     65.81    0.3779     2.904     3.579
     1.558 2.389e+09     66.73     0.379     2.913     3.578
     1.557 2.389e+09     67.89    0.3804     2.924     3.577
     1.556  2.39e+09     69.41    0.3822     2.938     3.576
     1.555  2.39e+09     70.31    0.3832     2.946     3.575
     1.555  2.39e+09     71.34    0.3843     2.955     3.574
     1.554  2.39e+09     72.51    0.3856     2.965     3.573
     1.553  2.39e+09     73.82    0.3871     2.976     3.572
     1.551  2.39e+09     75.32    0.3888     2.989     3.571
      1.55  2.39e+09     77.06    0.3906     3.003     3.569
     1.548  2.39e+09     79.07    0.3927     3.019     3.568
     1.546 2.391e+09     81.41    0.3951     3.037     3.566
     1.544 2.391e+09     83.61    0.3979     3.053     3.564
     1.543 2.391e+09     85.67    0.4005     3.069     3.563
      1.54 2.391e+09     88.05    0.4029     3.086     3.561
     1.538 2.391e+09     90.19    0.4057     3.101      3.56
     1.537 2.391e+09     91.76    0.4096     3.112     3.558
     1.536 2.391e+09     93.17     0.411     3.121     3.558
     1.535 2.391e+09     94.12     0.412     3.128     3.557
     1.534 2.391e+09     95.31    0.4132     3.135     3.556
     1.532 2.391e+09     96.79    0.4147     3.145     3.555
     1.532 2.392e+09     97.67    0.4155     3.151     3.555
     1.531 2.392e+09     98.65    0.4165     3.157     3.554
      1.53 2.392e+09     99.75    0.4175     3.164     3.553
     1.528 2.392e+09       101    0.4187     3.172     3.553
     1.527 2.392e+09     102.4    0.4201      3.18     3.552
     1.525 2.392e+09       104    0.4216      3.19     3.551
     1.524 2.392e+09     105.8    0.4233       3.2      3.55
     1.522 2.392e+09     107.8    0.4252     3.212     3.549
     1.519 2.392e+09     110.2    0.4273     3.225     3.547
     1.516 2.392e+09     112.9    0.4298      3.24     3.546
     1.513 2.392e+09     116.1    0.4325     3.257     3.544
     1.509 2.392e+09     119.8    0.4357     3.276     3.542
     1.505 2.393e+09     123.2    0.4393     3.293      3.54
     1.502 2.393e+09     126.5    0.4427     3.309     3.538
     1.498 2.393e+09     129.6    0.4459     3.324     3.537
     1.494 2.393e+09     133.1    0.4489      3.34     3.535
      1.49 2.393e+09     136.4    0.4523     3.355     3.533
     1.486 2.393e+09     139.5    0.4554     3.368     3.532
     1.482 2.393e+09     142.9    0.4584     3.383      3.53
     1.478 2.393e+09       146    0.4617     3.396     3.529
     1.476 2.393e+09     147.5    0.4645     3.403     3.528
     1.474 2.393e+09     148.7    0.4666     3.407     3.528
