       1.5 4.713e+06     1.545 2.319e-06    0.5903     3.815
     1.496 2.704e+09     2.973    0.1625    0.9621     3.766
     1.496 2.793e+09     4.507    0.1908      1.04     3.695
     1.495  2.82e+09     5.446    0.2013     1.183      3.69
     1.495 2.849e+09     6.782    0.2149     1.348     3.683
     1.494 2.864e+09      7.71    0.2228     1.441     3.679
     1.494 2.882e+09      9.23    0.2347      1.57     3.672
     1.492 2.906e+09     10.34    0.2535     1.652     3.668
     1.492 2.912e+09     11.05    0.2575     1.698     3.665
     1.492 2.918e+09     12.04    0.2619     1.757     3.661
     1.491 2.923e+09     13.23    0.2666     1.822     3.657
     1.491 2.926e+09     13.93    0.2692     1.858     3.654
      1.49  2.93e+09     15.36    0.2745     1.925      3.65
      1.49 2.932e+09     16.14    0.2771      1.96     3.648
     1.489 2.934e+09     17.02    0.2799     1.997     3.646
     1.489 2.936e+09        18     0.283     2.036     3.643
     1.488 2.938e+09     18.89     0.286     2.069     3.641
     1.488  2.94e+09     19.98    0.2889     2.108     3.639
     1.487  2.94e+09     20.55    0.2907     2.128     3.637
     1.487 2.942e+09     21.61     0.294     2.162     3.635
     1.486 2.943e+09     22.22    0.2954     2.182     3.634
     1.486 2.944e+09     23.38    0.2988     2.216     3.631
     1.485 2.945e+09     24.68    0.3019     2.252     3.629
     1.485 2.946e+09     25.43    0.3035     2.272     3.627
     1.484 2.947e+09     26.86    0.3071     2.307     3.624
     1.483 2.948e+09     28.46    0.3106     2.344     3.621
     1.482 2.949e+09     29.37    0.3123     2.365     3.619
     1.482 2.949e+09     30.25    0.3143     2.384     3.617
     1.481  2.95e+09     31.48    0.3181      2.41     3.615
      1.48  2.95e+09     32.36    0.3197     2.428     3.614
      1.48 2.951e+09      33.5    0.3218      2.45     3.612
     1.479 2.952e+09        35    0.3244     2.479      3.61
     1.478 2.952e+09     35.94     0.326     2.496     3.608
     1.478 2.953e+09     37.04    0.3278     2.516     3.606
     1.477 2.953e+09     38.09    0.3299     2.534     3.605
     1.476 2.953e+09     39.09    0.3319     2.551     3.603
     1.475 2.954e+09     40.27    0.3337      2.57     3.602
     1.475 2.954e+09     41.39    0.3358     2.588       3.6
     1.474 2.954e+09     42.44    0.3378     2.604     3.599
     1.473 2.955e+09     43.43    0.3396      2.62     3.598
     1.472 2.955e+09     44.58    0.3414     2.637     3.597
     1.472 2.955e+09     45.62    0.3442     2.652     3.595
     1.471 2.955e+09     46.94    0.3462     2.671     3.594
      1.47 2.956e+09     47.74    0.3473     2.682     3.593
      1.47 2.956e+09     48.66    0.3487     2.695     3.592
     1.469 2.956e+09     49.72    0.3502     2.709     3.591
     1.468 2.956e+09     50.94    0.3519     2.725      3.59
     1.467 2.957e+09     52.37    0.3538     2.743     3.588
     1.466 2.957e+09     53.72    0.3561      2.76     3.587
     1.464 2.957e+09      55.3    0.3582     2.779     3.585
     1.463 2.957e+09      56.8    0.3606     2.796     3.584
     1.462 2.958e+09     58.22    0.3628     2.813     3.582
     1.461 2.958e+09     59.57    0.3649     2.828     3.581
      1.46 2.958e+09     61.12    0.3669     2.844      3.58
     1.458 2.958e+09     62.93    0.3691     2.864     3.578
     1.457 2.958e+09      64.7    0.3717     2.881     3.577
     1.455 2.959e+09     66.44    0.3741     2.898     3.575
     1.454 2.959e+09     68.46    0.3764     2.916     3.573
     1.452 2.959e+09     70.38     0.379     2.933     3.571
     1.451 2.959e+09     71.73    0.3814     2.945      3.57
      1.45 2.959e+09     73.27    0.3831     2.958     3.569
     1.448 2.959e+09     75.05     0.385     2.973     3.568
     1.446  2.96e+09     77.11    0.3872      2.99     3.566
     1.444  2.96e+09     79.48    0.3897     3.009     3.564
     1.442  2.96e+09     81.73    0.3926     3.027     3.562
      1.44  2.96e+09     83.86    0.3953     3.043     3.561
     1.438  2.96e+09     85.87    0.3978     3.058     3.559
     1.436  2.96e+09     88.21    0.4001     3.074     3.558
     1.434 2.961e+09     90.43    0.4028      3.09     3.556
     1.431 2.961e+09        93    0.4053     3.107     3.554
     1.429 2.961e+09     95.41    0.4082     3.123     3.553
     1.427 2.961e+09     97.67    0.4108     3.138     3.551
     1.425 2.961e+09     98.78    0.4142     3.145     3.551
     1.425 2.961e+09     99.55    0.4149      3.15      3.55
     1.424 2.961e+09     100.5    0.4158     3.156      3.55
     1.423 2.961e+09     101.7    0.4169     3.163     3.549
     1.421 2.961e+09     103.2    0.4183     3.172     3.548
      1.42 2.961e+09       104    0.4191     3.177     3.547
     1.419 2.961e+09       105      0.42     3.182     3.547
     1.418 2.961e+09     106.1     0.421     3.189     3.546
     1.417 2.961e+09     107.3    0.4221     3.195     3.545
     1.415 2.962e+09     108.7    0.4234     3.203     3.545
     1.414 2.962e+09     110.2    0.4248     3.212     3.544
     1.412 2.962e+09       112    0.4263     3.221     3.543
     1.409 2.962e+09     113.9    0.4281     3.232     3.542
     1.407 2.962e+09     116.2    0.4301     3.244      3.54
     1.404 2.962e+09     118.8    0.4323     3.257     3.539
     1.401 2.962e+09     121.7    0.4349     3.272     3.537
     1.397 2.962e+09     125.2    0.4378     3.289     3.535
     1.393 2.962e+09     128.4    0.4411     3.305     3.534
     1.389 2.962e+09     131.4    0.4442     3.319     3.532
     1.385 2.962e+09     134.9     0.447     3.335     3.531
     1.381 2.963e+09     138.2    0.4503     3.349     3.529
     1.377 2.963e+09     141.2    0.4534     3.363     3.528
     1.372 2.963e+09     144.7    0.4562     3.377     3.526
     1.367 2.963e+09     148.7    0.4594     3.394     3.524
     1.361 2.963e+09     152.4    0.4631     3.408     3.522
     1.356 2.963e+09     155.6    0.4665     3.421     3.521
     1.355 2.963e+09     156.8    0.4695     3.426     3.521
     1.353 2.963e+09     157.8    0.4716     3.429      3.52
