         3    100000     2.441 2.445e-06     1.833     4.026
     2.992 3.756e+08     8.372    0.3912     2.232     3.859
     2.992 3.776e+08     17.27    0.3993     2.153     3.682
     2.991 3.785e+08     27.14    0.4045     2.451     3.658
     2.991 3.789e+08     33.66    0.4124     2.595     3.647
     2.991 3.791e+08     37.74    0.4181     2.672     3.642
     2.972 4.852e+08     44.29    0.6155     2.785     3.635
     2.971 4.856e+08     52.62    0.6152     2.896     3.625
      2.97 4.859e+08     58.86    0.6151     2.965     3.618
      2.97  4.86e+08     63.04    0.6151     3.008     3.614
     2.969 4.862e+08     72.24     0.615     3.093     3.606
     2.968 4.863e+08      78.8     0.615     3.147       3.6
     2.967 4.864e+08     85.89     0.615     3.202     3.596
     2.966 4.866e+08      94.3     0.615     3.262      3.59
     2.965 4.866e+08     101.1    0.6151     3.307     3.586
     2.963 4.867e+08     108.7    0.6154     3.353     3.582
     2.962 4.868e+08       118    0.6162     3.406     3.578
     2.961 4.868e+08     127.4    0.6175     3.455     3.573
      2.96 4.869e+08     133.2    0.6184     3.483      3.57
     2.959 4.869e+08     138.9    0.6194     3.509     3.568
     2.958 4.869e+08       144    0.6204     3.531     3.565
     2.957  4.87e+08     149.8    0.6213     3.555     3.563
     2.956  4.87e+08     155.1    0.6223     3.576     3.561
     2.954  4.87e+08       164    0.6242     3.611     3.557
     2.952 4.871e+08     170.5    0.6263     3.635     3.555
      2.95 4.871e+08     180.2    0.6283     3.669     3.551
     2.949 4.871e+08     185.8    0.6294     3.687     3.549
     2.947 4.872e+08     195.4    0.6311     3.718     3.546
     2.946 4.872e+08     201.2    0.6322     3.736     3.544
     2.944 4.872e+08     207.7    0.6336     3.755     3.542
     2.941 4.872e+08     215.2    0.6353     3.777      3.54
     2.938 4.873e+08     223.9    0.6376     3.801     3.537
     2.934 4.873e+08     233.8    0.6405     3.827     3.534
     2.931 4.873e+08     239.3    0.6423     3.841     3.533
     2.928 4.874e+08     245.2    0.6443     3.856     3.531
     2.924 4.874e+08     251.6    0.6467     3.872     3.529
      2.92 4.874e+08     258.5    0.6493     3.888     3.528
     2.914 4.875e+08     266.1    0.6524     3.906     3.526
     2.908 4.875e+08     274.2    0.6559     3.924     3.524
     2.901 4.875e+08     283.2    0.6599     3.943     3.522
     2.894 4.876e+08     291.2    0.6646      3.96      3.52
     2.887 4.876e+08     298.5     0.669     3.975     3.518
     2.879 4.876e+08     306.4     0.673     3.991     3.516
      2.87 4.877e+08     315.2    0.6777     4.008     3.515
     2.861 4.877e+08     323.1     0.683     4.023     3.513
     2.852 4.878e+08     330.3     0.688     4.037     3.512
     2.842 4.878e+08     338.3    0.6926     4.051      3.51
     2.831 4.878e+08     347.3    0.6979     4.067     3.508
     2.819 4.879e+08     355.8    0.7039     4.081     3.507
     2.809 4.879e+08     363.8    0.7095     4.094     3.505
     2.796 4.879e+08     372.7    0.7147     4.108     3.503
     2.784  4.88e+08     380.9    0.7206      4.12     3.502
     2.773  4.88e+08     388.5     0.726     4.131       3.5
      2.76  4.88e+08     399.8    0.7311     4.143     3.497
     2.748 4.881e+08     410.2    0.7368     4.154     3.494
     2.733 4.881e+08     421.2    0.7421     4.166     3.491
     2.719 4.881e+08     431.1     0.748     4.177     3.489
     2.703 4.882e+08       442    0.7535     4.189     3.486
     2.688 4.882e+08     451.7    0.7597     4.199     3.484
     2.673 4.882e+08     460.5    0.7654     4.209     3.482
     2.657 4.882e+08     470.2    0.7707     4.219     3.481
     2.641 4.883e+08     478.9    0.7766     4.229     3.479
     2.623 4.883e+08     488.5    0.7821     4.239     3.477
     2.606 4.883e+08       497    0.7883     4.248     3.476
      2.59 4.883e+08     504.5    0.7939     4.257     3.475
     2.575 4.884e+08     511.4    0.7991     4.264     3.474
     2.558 4.884e+08       519    0.8039     4.272     3.472
     2.541 4.884e+08       526    0.8092      4.28     3.471
     2.523 4.884e+08     534.8    0.8141     4.288      3.47
     2.506 4.884e+08     544.2    0.8195     4.295     3.468
      2.49 4.885e+08     552.8    0.8245     4.301     3.466
     2.471 4.885e+08     562.8    0.8291     4.308     3.464
      2.45 4.885e+08     573.6    0.8342     4.315     3.461
      2.43 4.885e+08     583.1    0.8399     4.322     3.459
     2.407 4.886e+08     593.5    0.8451     4.329     3.457
     2.386 4.886e+08     602.6    0.8509     4.336     3.456
     2.366 4.886e+08     610.7    0.8563     4.341     3.454
     2.348 4.886e+08     617.9    0.8611     4.346     3.453
     2.326 4.886e+08     625.7    0.8655     4.352     3.452
     2.307 4.886e+08     632.6    0.8705     4.357     3.451
     2.284 4.887e+08     640.4     0.875     4.362     3.449
     2.264 4.887e+08     647.5      0.88     4.367     3.448
      2.24 4.887e+08     655.1    0.8845     4.372     3.447
     2.218 4.887e+08     661.8    0.8896     4.377     3.446
     2.198 4.887e+08     667.6    0.8942     4.381     3.445
     2.175 4.887e+08     673.3    0.8983     4.386     3.444
     2.154 4.887e+08     678.5     0.903      4.39     3.444
      2.13 4.888e+08     684.1    0.9072     4.395     3.443
     2.108 4.888e+08     689.5    0.9119     4.399     3.442
     2.087 4.888e+08     695.5    0.9162     4.402     3.441
     2.068 4.888e+08     700.8      0.92     4.405      3.44
     2.047 4.888e+08       707    0.9235     4.409     3.439
     2.027 4.888e+08     715.1    0.9274     4.412     3.438
     2.009 4.888e+08     721.5    0.9309     4.415     3.436
     1.992 4.888e+08     726.6    0.9341     4.417     3.436
     1.973 4.888e+08     731.9     0.937      4.42     3.435
     1.952 4.889e+08     737.3    0.9402     4.423     3.434
     1.928 4.889e+08     742.6    0.9437     4.427     3.433
      1.88 4.889e+08     751.2    0.9512     4.433     3.432
     1.836 4.889e+08     757.5    0.9587     4.439     3.432
