         5      2290     3.258 1.927e-06     2.676     4.174
     4.987 1.013e+08     13.54    0.7575     3.142     3.982
     4.987 1.014e+08     19.11    0.7613     3.097     3.895
     4.987 1.014e+08     29.66    0.7637     3.015     3.779
     4.987 1.015e+08     36.66    0.7644     2.959      3.72
     4.987 1.015e+08     47.83    0.7655     2.945     3.658
     4.987 1.016e+08     56.52    0.7658     3.044     3.647
     4.987 1.016e+08     66.41    0.7664     3.143     3.637
     4.987 1.017e+08     74.33     0.767     3.213      3.63
     4.986 1.017e+08     85.38    0.7681     3.301     3.621
     4.986 1.017e+08     92.99    0.7695     3.355     3.616
     4.986 1.018e+08     100.3    0.7731     3.403     3.612
     4.931 1.197e+08       111     1.137     3.473     3.607
     4.931 1.198e+08     117.7     1.136     3.509     3.604
      4.93 1.198e+08     127.2     1.135     3.558     3.599
      4.93 1.198e+08     132.5     1.134     3.584     3.597
     4.929 1.199e+08     142.9     1.133     3.632     3.592
     4.928 1.199e+08     155.3     1.132     3.685     3.588
     4.927 1.199e+08     165.5     1.131     3.726     3.584
     4.927 1.199e+08     175.8      1.13     3.764      3.58
     4.926   1.2e+08     186.3     1.129     3.801     3.577
     4.925   1.2e+08     193.2     1.128     3.824     3.575
     4.924   1.2e+08     205.9     1.127     3.863     3.571
     4.923   1.2e+08     213.4     1.126     3.884     3.568
     4.923   1.2e+08     220.6     1.125     3.905     3.566
     4.922   1.2e+08     233.7     1.124      3.94     3.563
     4.921   1.2e+08     240.6     1.122     3.958     3.561
      4.92   1.2e+08     250.7      1.08     3.985     3.558
     4.919 1.201e+08     259.5     1.025     4.007     3.557
     4.918 1.201e+08     266.7    0.9898     4.025     3.555
     4.917 1.201e+08     277.8    0.9659      4.05     3.553
     4.916 1.201e+08     285.9    0.9485     4.068     3.551
     4.915 1.201e+08     297.7    0.9352     4.093     3.548
     4.915 1.201e+08     305.8    0.9259      4.11     3.547
     4.914 1.201e+08     318.7    0.9157     4.135     3.544
     4.913 1.201e+08     324.6    0.9122     4.147     3.543
     4.913 1.201e+08     334.2    0.9063     4.164     3.541
     4.912 1.201e+08       341    0.9031     4.177      3.54
     4.912 1.201e+08       352    0.8989     4.196     3.538
      4.91 1.201e+08     364.5    0.8953     4.217     3.535
      4.91 1.201e+08     376.1    0.8931     4.236     3.533
     4.909 1.201e+08     384.2    0.8918     4.249     3.532
     4.908 1.201e+08     395.3    0.8907     4.267      3.53
       4.9 1.201e+08     409.5    0.8911     4.288     3.528
     4.899 1.201e+08     421.7    0.8917     4.306     3.526
     4.899 1.201e+08     428.6    0.8921     4.316     3.525
     4.898 1.201e+08     436.1    0.8926     4.326     3.524
     4.897 1.201e+08     444.3    0.8933     4.338     3.522
     4.895 1.202e+08     453.2    0.8941      4.35     3.521
     4.894 1.202e+08     462.9    0.8952     4.363      3.52
     4.891 1.202e+08     473.4    0.8965     4.376     3.518
     4.888 1.202e+08       485    0.8982     4.391     3.517
     4.887 1.202e+08     491.4    0.8992     4.399     3.516
     4.883 1.202e+08     503.1    0.9013     4.413     3.514
     4.879 1.202e+08     517.1    0.9038      4.43     3.513
     4.876 1.202e+08     525.3    0.9053      4.44     3.512
     4.874 1.202e+08     532.8    0.9069     4.448     3.511
     4.871 1.202e+08     540.8    0.9085     4.458      3.51
     4.867 1.202e+08     549.2    0.9102     4.467     3.509
     4.864 1.202e+08     558.1    0.9121     4.477     3.508
     4.859 1.202e+08     567.6    0.9143     4.488     3.507
     4.854 1.202e+08     577.5    0.9167     4.499     3.506
     4.849 1.202e+08     587.7    0.9195     4.509     3.505
     4.842 1.202e+08     598.3    0.9226     4.521     3.504
     4.835 1.202e+08     609.4    0.9262     4.532     3.502
     4.826 1.203e+08       621    0.9302     4.544     3.501
     4.816 1.203e+08     633.3    0.9347     4.556       3.5
     4.806 1.203e+08     645.6    0.9397     4.565     3.498
     4.798 1.203e+08     656.9    0.9444     4.573     3.496
     4.787 1.203e+08     668.8    0.9487     4.581     3.495
     4.776 1.203e+08     681.3    0.9535      4.59     3.493
     4.763 1.203e+08     694.7    0.9589     4.599     3.491
     4.747 1.203e+08     708.7     0.965     4.608     3.489
     4.733 1.203e+08       721    0.9718     4.617     3.487
     4.717 1.203e+08     734.1     0.978     4.625     3.485
     4.701 1.204e+08     745.4     0.985     4.633     3.484
     4.684 1.204e+08     757.4    0.9914     4.641     3.483
     4.667 1.204e+08     767.8    0.9986     4.648     3.481
     4.652 1.204e+08     776.8     1.005     4.655      3.48
     4.635 1.204e+08     786.3     1.011     4.661     3.479
     4.619 1.204e+08     794.6     1.018     4.666     3.478
     4.601 1.204e+08     803.3     1.024     4.672     3.478
     4.585 1.204e+08     810.8     1.031     4.677     3.477
     4.553 1.205e+08     824.2     1.043     4.686     3.475
     4.537 1.205e+08     830.7     1.049      4.69     3.475
     4.506 1.205e+08     842.7      1.06     4.698     3.474
     4.471 1.205e+08     854.5     1.072     4.706     3.472
     4.436 1.205e+08     865.1     1.084     4.713     3.472
     4.403 1.205e+08     873.7     1.095     4.718     3.471
     4.369 1.205e+08     882.7     1.106     4.724      3.47
     4.334 1.206e+08       891     1.117     4.729     3.469
     4.299 1.206e+08     898.5     1.128     4.734     3.469
     4.231 1.206e+08     911.7      1.15     4.741     3.467
     4.165 1.206e+08     923.2      1.17     4.747     3.466
     4.113 1.207e+08     930.6     1.184      4.75     3.465
     4.045 1.207e+08     939.7     1.204     4.754     3.464
     3.962 1.207e+08     948.9     1.227     4.758     3.463
     3.899 1.207e+08     954.6     1.244     4.759     3.462
     3.733 1.208e+08     966.4     1.286     4.762      3.46
     3.497 1.209e+08     979.7     1.342     4.766     3.458
