       0.9    500000    0.8001 1.715e-06   -0.3835     3.714
    0.8964 1.816e+10     2.675    0.1556    0.5256      3.68
     0.895 1.845e+10     5.027    0.1955     1.032     3.669
    0.8937 1.852e+10     6.699    0.2154     1.248     3.661
    0.8921 1.857e+10     7.793     0.232     1.361     3.656
    0.8909 1.859e+10     9.323    0.2408     1.491      3.65
    0.8901  1.86e+10     10.38     0.246     1.568     3.646
    0.8888 1.862e+10     12.09    0.2538     1.678      3.64
    0.8875 1.863e+10     13.73    0.2606     1.768     3.635
    0.8865 1.863e+10     14.92    0.2647     1.825     3.631
     0.885 1.864e+10      16.7    0.2708     1.901     3.626
    0.8835 1.864e+10     18.55    0.2766     1.971      3.62
    0.8817 1.864e+10     20.65    0.2826     2.042     3.615
    0.8806 1.865e+10     21.88    0.2855     2.081     3.612
     0.879 1.865e+10     23.74    0.2905     2.135     3.608
    0.8776 1.865e+10     25.24    0.2937     2.176     3.605
    0.8754 1.865e+10     27.49    0.2992     2.233       3.6
    0.8739 1.865e+10     29.09    0.3026     2.271     3.598
    0.8716 1.865e+10      31.4    0.3075     2.322     3.594
      0.87 1.866e+10     33.01    0.3116     2.355     3.591
    0.8675 1.866e+10      35.4    0.3157     2.402     3.588
    0.8656 1.866e+10     37.21    0.3187     2.435     3.585
    0.8634 1.866e+10     39.22    0.3222      2.47     3.583
    0.8611 1.866e+10     41.25    0.3259     2.503      3.58
    0.8599 1.866e+10     42.45    0.3276     2.521     3.578
    0.8583 1.866e+10     43.87    0.3306     2.542     3.576
    0.8563 1.866e+10     45.73    0.3331     2.568     3.574
    0.8538 1.866e+10     47.93    0.3363     2.597     3.571
    0.8524 1.866e+10     49.17    0.3379     2.613     3.569
    0.8508 1.866e+10     50.61    0.3398     2.632     3.568
    0.8491 1.866e+10        52    0.3419     2.648     3.566
    0.8476 1.866e+10     53.29    0.3439     2.664     3.565
    0.8458 1.866e+10      54.8    0.3457     2.682     3.563
     0.844 1.866e+10     56.24    0.3478     2.698     3.561
    0.8423 1.866e+10      57.6    0.3497     2.713      3.56
    0.8403 1.866e+10     59.18    0.3516      2.73     3.558
    0.8384 1.866e+10     60.67    0.3536     2.746     3.557
    0.8366 1.866e+10     62.07    0.3556      2.76     3.556
    0.8348 1.866e+10     63.45    0.3582     2.774     3.554
    0.8325 1.866e+10     65.21    0.3602     2.791     3.553
    0.8295 1.866e+10     67.49    0.3627     2.813      3.55
    0.8276 1.866e+10     68.91    0.3642     2.826     3.549
     0.826 1.866e+10     70.08    0.3665     2.836     3.548
    0.8241 1.867e+10     71.57     0.368     2.849     3.547
    0.8215 1.867e+10     73.45    0.3699     2.864     3.545
    0.8182 1.867e+10     75.86    0.3723     2.884     3.543
    0.8162 1.867e+10     77.31    0.3738     2.896     3.542
    0.8138 1.867e+10     78.96    0.3754     2.908      3.54
     0.811 1.867e+10     80.87    0.3772     2.923     3.539
    0.8077 1.867e+10     83.07    0.3793     2.939     3.537
    0.8046 1.867e+10     85.16    0.3816     2.954     3.535
    0.8015 1.867e+10     87.14    0.3838     2.968     3.534
     0.798 1.867e+10     89.42    0.3859     2.984     3.532
    0.7946 1.867e+10     91.58    0.3882     2.998     3.531
    0.7914 1.867e+10      93.6    0.3904     3.012     3.529
    0.7877 1.867e+10     95.91    0.3924     3.026     3.528
    0.7841 1.867e+10     98.08    0.3947      3.04     3.526
    0.7806 1.867e+10     100.1    0.3968     3.052     3.525
    0.7767 1.867e+10     102.4    0.3988     3.066     3.523
    0.7729 1.867e+10     104.7     0.401     3.079     3.522
    0.7705 1.867e+10     106.1    0.4031     3.087     3.521
    0.7667 1.867e+10     108.3    0.4053     3.099     3.519
    0.7645 1.867e+10     109.6    0.4064     3.106     3.518
     0.762 1.867e+10     111.1    0.4075     3.113     3.517
     0.759 1.867e+10     112.8    0.4088     3.122     3.516
    0.7557 1.867e+10     114.7    0.4103     3.131     3.515
    0.7518 1.867e+10     116.8    0.4119     3.142     3.514
    0.7473 1.867e+10     119.3    0.4138     3.154     3.512
    0.7421 1.867e+10     122.2    0.4159     3.167      3.51
    0.7371 1.867e+10     124.8    0.4182     3.179     3.508
     0.732 1.867e+10     127.5    0.4204     3.191     3.507
    0.7275 1.867e+10     129.8    0.4225     3.201     3.505
    0.7221 1.867e+10     132.5    0.4244     3.212     3.504
    0.7171 1.867e+10       135    0.4266     3.223     3.502
    0.7127 1.867e+10     137.1    0.4286     3.232     3.501
    0.7084 1.867e+10     139.2    0.4302      3.24       3.5
    0.7034 1.867e+10     142.2    0.4319     3.249     3.498
    0.6987 1.867e+10       145    0.4337     3.258     3.496
    0.6933 1.867e+10       148    0.4354     3.267     3.494
    0.6896 1.867e+10     149.9    0.4372     3.273     3.492
    0.6854 1.867e+10       152    0.4385      3.28     3.491
    0.6806 1.867e+10     154.4    0.4399     3.288      3.49
    0.6751 1.867e+10     156.9    0.4415     3.296     3.488
    0.6686 1.867e+10     159.8    0.4432     3.306     3.487
    0.6612 1.867e+10       163    0.4452     3.316     3.485
    0.6539 1.867e+10     165.8    0.4475     3.326     3.484
      0.65 1.867e+10     167.3    0.4496     3.331     3.483
    0.6457 1.867e+10     169.2    0.4513     3.337     3.482
    0.6403 1.867e+10     171.5    0.4526     3.344     3.481
    0.6371 1.867e+10     172.8    0.4534     3.348      3.48
    0.6334 1.867e+10     174.3    0.4543     3.352     3.479
    0.6293 1.867e+10       176    0.4553     3.357     3.478
    0.6247 1.867e+10     177.7    0.4564     3.362     3.478
    0.6194 1.867e+10     179.6    0.4576     3.368     3.477
     0.614 1.867e+10     181.5    0.4589     3.373     3.476
    0.6066 1.867e+10     183.8    0.4611     3.381     3.475
    0.6021 1.867e+10     185.2    0.4621     3.386     3.475
    0.5944 1.867e+10     187.3    0.4642     3.393     3.474
    0.5866 1.867e+10       189    0.4659     3.401     3.474
    0.5776 1.867e+10     190.6    0.4686     3.409     3.474
