         8    229000     3.531 1.342e-06     3.445     4.349
      7.99 2.658e+07      5.62 4.219e-06     3.669     4.304
     7.981 3.577e+07     10.23     1.451     3.873     4.225
     7.981  3.58e+07     14.04     1.458     3.901     4.163
     7.981 3.581e+07     16.81     1.462     3.904     4.125
     7.981 3.582e+07     20.68     1.465     3.897     4.078
      7.98 3.583e+07     25.91     1.468     3.884     4.026
      7.98 3.584e+07     29.28     1.469     3.874     3.997
      7.98 3.584e+07      34.3      1.47     3.859     3.959
      7.98 3.585e+07     38.03      1.47     3.849     3.934
      7.98 3.585e+07     44.17     1.471     3.832     3.897
      7.98 3.585e+07     48.03     1.471     3.822     3.877
      7.98 3.586e+07     53.24     1.471      3.81     3.851
      7.98 3.586e+07     56.82     1.471     3.803     3.835
      7.98 3.586e+07     60.89     1.472     3.794     3.818
      7.98 3.586e+07     64.97     1.472     3.786     3.802
      7.98 3.586e+07     67.99     1.472     3.779      3.79
      7.98 3.586e+07      72.1     1.472     3.771     3.776
      7.98 3.586e+07     77.83     1.472      3.76     3.756
      7.98 3.586e+07      81.5     1.472     3.753     3.744
      7.98 3.586e+07     85.97     1.472     3.745     3.731
      7.98 3.586e+07     90.24     1.472     3.736     3.718
      7.98 3.586e+07     94.15     1.472     3.727     3.707
      7.98 3.587e+07     99.63     1.472     3.712     3.691
      7.98 3.587e+07     104.9     1.472     3.686     3.673
      7.98 3.587e+07       111     1.473     3.617     3.643
      7.98 3.587e+07     115.8     1.473     3.629     3.637
      7.98 3.587e+07     119.1     1.473      3.64     3.634
      7.98 3.587e+07     125.5     1.473     3.665     3.629
      7.98 3.587e+07     130.1     1.473     3.683     3.626
      7.98 3.587e+07     134.1     1.473       3.7     3.623
      7.98 3.588e+07     138.4     1.473     3.717     3.621
      7.98 3.588e+07     142.7     1.473     3.735     3.618
      7.98 3.588e+07     145.1     1.473     3.745     3.617
      7.98 3.588e+07     149.4     1.473     3.762     3.615
      7.98 3.588e+07     153.5     1.473     3.778     3.613
      7.98 3.588e+07     158.2     1.473     3.797     3.611
      7.98 3.588e+07     163.8     1.473     3.818     3.609
      7.98 3.588e+07     167.1     1.473      3.83     3.608
      7.98 3.588e+07     170.6     1.473     3.843     3.607
      7.98 3.588e+07       174     1.473     3.856     3.605
      7.98 3.588e+07     179.6     1.473     3.875     3.604
      7.98 3.588e+07     184.2     1.473     3.891     3.602
      7.98 3.588e+07     188.1     1.473     3.904     3.601
      7.98 3.589e+07     192.8     1.473     3.919     3.599
      7.98 3.589e+07       196     1.473     3.929     3.598
     7.979 3.589e+07     200.2     1.473     3.943     3.597
     7.979 3.589e+07     202.9     1.474     3.951     3.596
     7.979 3.589e+07     207.8     1.474     3.966     3.594
     7.979  3.59e+07     210.8     1.474     3.975     3.594
     7.979  3.59e+07     214.8     1.474     3.986     3.592
     7.979  3.59e+07     219.6     1.474         4     3.591
     7.979  3.59e+07       223     1.474      4.01      3.59
     7.979 3.591e+07     226.1     1.474     4.018     3.589
     7.979 3.591e+07     230.4     1.474      4.03     3.588
     7.978 3.591e+07     233.3     1.474     4.038     3.587
     7.978 3.591e+07     237.8     1.474      4.05     3.586
     7.978 3.592e+07     241.7     1.475      4.06     3.585
     7.977 3.593e+07     246.9     1.476     4.073     3.584
      7.86 4.069e+07     250.5     2.162     4.092     3.586
      7.86 4.069e+07     254.2     2.162     4.101     3.585
      7.86 4.069e+07     257.1     2.162     4.108     3.584
      7.86 4.069e+07     262.3     2.162      4.12     3.582
     7.858 4.071e+07       266     2.157     4.129     3.582
     7.858 4.071e+07     269.6     2.156     4.137     3.581
     7.858 4.072e+07     273.9     2.156     4.146      3.58
     7.858 4.072e+07     278.8     2.155     4.157     3.578
     7.858 4.072e+07     284.2     2.154     4.168     3.577
     7.857 4.072e+07     290.2     2.153     4.181     3.576
     7.857 4.072e+07     296.8     2.152     4.194     3.574
     7.857 4.073e+07     302.6     2.151     4.206     3.573
     7.856 4.073e+07     308.9      2.15     4.218     3.572
     7.856 4.073e+07     314.5     2.149     4.229      3.57
     7.856 4.073e+07     320.6     2.149     4.241     3.569
     7.855 4.074e+07     326.1     2.148     4.251     3.568
     7.855 4.074e+07     332.2     2.147     4.262     3.567
     7.854 4.074e+07     337.7     2.147     4.272     3.566
     7.854 4.074e+07     343.7     2.146     4.283     3.564
     7.854 4.075e+07     349.4     2.145     4.293     3.563
     7.853 4.075e+07     354.5     2.144     4.302     3.563
     7.853 4.075e+07     360.3     2.144     4.312     3.561
     7.853 4.075e+07     365.7     2.143     4.321     3.561
     7.852 4.075e+07     370.6     2.142     4.329      3.56
     7.852 4.076e+07     375.2     2.141     4.337     3.559
     7.851 4.076e+07     379.4      2.14     4.344     3.558
     7.851 4.076e+07     384.2      2.14     4.351     3.557
     7.851 4.076e+07     388.6     2.139     4.358     3.557
      7.85 4.076e+07     393.6     2.138     4.366     3.556
      7.85 4.076e+07     398.2     2.137     4.373     3.555
      7.85 4.077e+07     402.4     2.136      4.38     3.554
     7.849 4.077e+07     406.2     2.135     4.386     3.554
     7.849 4.077e+07     409.7     2.134     4.391     3.553
     7.849 4.077e+07     413.7     2.133     4.397     3.553
     7.848 4.077e+07     417.3     2.132     4.402     3.552
     7.848 4.077e+07     420.6     2.131     4.407     3.552
     7.848 4.077e+07     424.3      2.13     4.412     3.551
     7.848 4.077e+07     428.1     2.129     4.418     3.551
     7.847 4.077e+07     432.7     2.127     4.424      3.55
     7.847 4.078e+07     435.3     2.126     4.428      3.55
     7.847 4.078e+07     439.7     2.124     4.434     3.549
