       1.3    500000     1.268 2.183e-06    0.3267     3.792
     1.296 4.384e+09     2.513    0.1507    0.6021     3.712
     1.296 4.554e+09     3.296    0.1716    0.7671     3.695
     1.295  4.69e+09     4.634    0.1943     1.035     3.688
     1.295 4.757e+09     6.355     0.212     1.274     3.679
     1.294 4.777e+09      7.28    0.2201     1.373     3.674
     1.294 4.796e+09     8.517    0.2291     1.486     3.668
     1.292 4.828e+09     10.32    0.2493     1.623     3.661
     1.291 4.839e+09     11.79    0.2569     1.717     3.655
      1.29 4.845e+09        13    0.2619     1.785     3.651
      1.29 4.849e+09        14    0.2661     1.837     3.648
     1.289 4.853e+09     15.05    0.2701     1.888     3.645
     1.288 4.856e+09     16.24    0.2741     1.941     3.642
     1.288 4.858e+09     17.04    0.2771     1.975      3.64
     1.287 4.861e+09     18.45    0.2814      2.03     3.636
     1.286 4.864e+09     20.04    0.2868     2.087     3.633
     1.285 4.865e+09     20.96    0.2891     2.117      3.63
     1.284 4.868e+09     22.76    0.2936     2.172     3.626
     1.284 4.869e+09     23.99    0.2969     2.206     3.623
     1.283  4.87e+09     24.69    0.2984     2.225     3.622
     1.282 4.871e+09     26.01    0.3018     2.259     3.619
     1.281 4.872e+09     27.64    0.3051     2.298     3.616
      1.28 4.873e+09     28.48    0.3071     2.318     3.614
     1.279 4.874e+09     30.06    0.3108     2.353     3.611
     1.279 4.874e+09     30.96    0.3125     2.373      3.61
     1.278 4.875e+09     32.65    0.3162     2.408     3.607
     1.277 4.876e+09     33.61    0.3179     2.427     3.605
     1.276 4.876e+09     34.54    0.3198     2.444     3.604
     1.275 4.877e+09     36.28    0.3234     2.477     3.601
     1.274 4.877e+09     37.28     0.325     2.494       3.6
     1.273 4.878e+09     38.43    0.3269     2.515     3.598
     1.272 4.878e+09     39.53     0.329     2.533     3.597
     1.272 4.879e+09     40.58    0.3311     2.551     3.595
     1.271 4.879e+09     41.57     0.333     2.567     3.594
      1.27 4.879e+09     42.74    0.3348     2.585     3.593
     1.269  4.88e+09     43.85    0.3368     2.602     3.591
     1.268  4.88e+09      44.9    0.3387     2.618      3.59
     1.267  4.88e+09     46.12    0.3405     2.635     3.589
     1.266 4.881e+09     47.29    0.3425     2.652     3.587
     1.265 4.881e+09     48.65    0.3445     2.671     3.586
     1.264 4.881e+09     49.95    0.3466     2.688     3.585
     1.263 4.881e+09     51.16    0.3487     2.704     3.583
     1.262 4.882e+09     52.58    0.3506     2.722     3.582
      1.26 4.882e+09     53.93    0.3528     2.738     3.581
     1.259 4.882e+09     55.61    0.3567     2.759     3.579
     1.258 4.882e+09     57.17     0.359     2.776     3.577
     1.257 4.883e+09     58.29    0.3604     2.788     3.576
     1.256 4.883e+09      59.7    0.3621     2.803     3.575
     1.254 4.883e+09     61.52    0.3642     2.822     3.573
     1.253 4.883e+09     62.61    0.3655     2.833     3.572
     1.252 4.883e+09     63.85    0.3669     2.845     3.571
      1.25 4.884e+09     65.27    0.3686     2.859     3.569
     1.249 4.884e+09     66.91    0.3704     2.874     3.568
     1.247 4.884e+09     68.82    0.3726     2.892     3.566
     1.245 4.884e+09     70.62     0.375     2.908     3.564
     1.244 4.884e+09     72.31    0.3772     2.923     3.563
     1.242 4.885e+09     74.27    0.3793     2.939     3.561
      1.24 4.885e+09     76.56    0.3817     2.959      3.56
     1.237 4.885e+09     78.75    0.3845     2.976     3.558
     1.235 4.885e+09     80.83    0.3871     2.993     3.556
     1.233 4.885e+09     82.77    0.3895     3.007     3.555
     1.231 4.885e+09     85.02    0.3918     3.024     3.553
     1.228 4.886e+09     87.15    0.3944      3.04     3.552
     1.226 4.886e+09     89.16    0.3968     3.054      3.55
     1.224 4.886e+09     91.52     0.399      3.07     3.549
      1.22 4.886e+09     94.27    0.4016     3.088     3.547
     1.218 4.886e+09      96.9    0.4045     3.104     3.545
     1.215 4.886e+09     99.38    0.4072      3.12     3.543
     1.211 4.886e+09     102.2    0.4098     3.137     3.541
     1.208 4.887e+09     104.9    0.4127     3.153      3.54
     1.205 4.887e+09     107.4    0.4154     3.167     3.538
     1.202 4.887e+09     109.7    0.4179      3.18     3.537
       1.2 4.887e+09     111.9    0.4201     3.192     3.535
     1.196 4.887e+09     114.4    0.4223     3.205     3.534
     1.193 4.887e+09     117.3    0.4248     3.221     3.532
     1.188 4.887e+09     120.7    0.4276     3.238      3.53
     1.184 4.887e+09     123.9    0.4308     3.254     3.529
      1.18 4.887e+09     126.9    0.4338     3.268     3.527
     1.175 4.888e+09     130.3    0.4366     3.284     3.525
      1.17 4.888e+09     133.6    0.4398     3.299     3.524
     1.166 4.888e+09     136.6    0.4427     3.313     3.522
     1.163 4.888e+09     138.4    0.4462     3.321     3.521
     1.162 4.888e+09     139.5    0.4471     3.325     3.521
      1.16 4.888e+09     140.6     0.448      3.33      3.52
     1.158 4.888e+09       142    0.4491     3.336      3.52
     1.156 4.888e+09     143.5    0.4502     3.342     3.519
     1.154 4.888e+09     145.2    0.4515     3.349     3.518
     1.151 4.888e+09     147.1     0.453     3.357     3.517
     1.147 4.888e+09     149.2    0.4546     3.365     3.516
     1.144 4.888e+09     151.7    0.4565     3.374     3.515
      1.14 4.888e+09     154.5    0.4585     3.385     3.514
     1.135 4.888e+09     157.7    0.4608     3.396     3.512
     1.129 4.888e+09     161.4    0.4634     3.409      3.51
     1.127 4.888e+09     162.2    0.4668     3.412      3.51
     1.126 4.888e+09     163.4    0.4677     3.416     3.509
     1.124 4.888e+09     164.4    0.4684      3.42     3.509
     1.122 4.888e+09     165.7    0.4693     3.424     3.508
     1.119 4.888e+09     167.1    0.4705     3.429     3.508
     1.116 4.888e+09     168.9    0.4718     3.435     3.507
     1.113 4.889e+09     170.6    0.4737      3.44     3.506
