       3.5     30540     2.668 2.326e-06      2.09     4.071
     3.491 2.492e+08     11.62    0.4798     2.481      3.85
      3.49   2.5e+08     23.19    0.4849     2.387     3.676
      3.49 2.503e+08     30.17     0.486     2.553      3.66
      3.49 2.506e+08     39.26    0.4892     2.727     3.647
      3.49 2.508e+08     44.73    0.4933     2.815      3.64
     3.467 3.123e+08     53.11    0.7186     2.935     3.633
     3.466 3.125e+08     61.59     0.718     3.028     3.624
     3.465 3.128e+08     72.88    0.7175     3.132     3.613
     3.464 3.129e+08     80.44    0.7172     3.193     3.607
     3.464 3.129e+08     85.96    0.7171     3.234     3.603
     3.463  3.13e+08     93.85    0.7169      3.29     3.598
     3.462 3.131e+08     105.6    0.7167     3.366     3.591
     3.461 3.132e+08     110.3    0.7167     3.394     3.589
      3.46 3.132e+08     117.5    0.7166     3.434     3.585
     3.459 3.133e+08     126.3    0.7165      3.48     3.581
     3.458 3.133e+08     136.8    0.7165     3.531     3.577
     3.457 3.134e+08     148.5    0.7164     3.584     3.572
     3.455 3.134e+08     158.8    0.7164     3.624     3.568
     3.454 3.134e+08       165    0.7164     3.647     3.565
     3.453 3.134e+08       173    0.7164     3.677     3.562
     3.453 3.134e+08       178    0.7164     3.694      3.56
     3.451 3.135e+08     187.3    0.7164     3.726     3.557
      3.45 3.135e+08     195.8    0.7164     3.753     3.554
     3.449 3.135e+08       206    0.7163     3.784     3.551
     3.448 3.135e+08     212.9    0.7163     3.804     3.549
     3.447 3.135e+08     221.2    0.7163     3.828     3.546
     3.446 3.135e+08     225.8    0.7162      3.84     3.545
     3.445 3.136e+08     234.3    0.7162     3.863     3.543
     3.444 3.136e+08     242.8    0.7163     3.885      3.54
     3.443 3.136e+08     250.5    0.7171     3.904     3.538
     3.441 3.136e+08     259.4    0.7183     3.925     3.536
      3.44 3.136e+08     266.2    0.7196     3.941     3.534
     3.432 3.137e+08       275    0.7265      3.96     3.532
     3.431 3.137e+08     280.8     0.727     3.973     3.531
      3.43 3.137e+08       287    0.7276     3.986     3.529
     3.429 3.137e+08     293.8    0.7284         4     3.528
     3.427 3.137e+08     301.3    0.7293     4.016     3.526
     3.425 3.137e+08     309.5    0.7306     4.032     3.525
     3.422 3.137e+08     318.5    0.7322      4.05     3.523
     3.418 3.137e+08     328.4    0.7343     4.068     3.521
     3.413 3.138e+08     339.2    0.7369     4.088     3.519
     3.407 3.138e+08     350.8    0.7403     4.108     3.516
     3.403 3.138e+08       357    0.7423     4.119     3.515
     3.399 3.138e+08     363.4    0.7446      4.13     3.514
     3.394 3.138e+08       370    0.7472     4.141     3.513
     3.388 3.138e+08       377    0.7501     4.152     3.512
     3.381 3.139e+08     384.3    0.7534     4.164     3.511
     3.373 3.139e+08     392.1    0.7572     4.176     3.509
     3.364 3.139e+08     400.4    0.7614     4.189     3.508
     3.353 3.139e+08     409.3    0.7663     4.202     3.506
     3.344  3.14e+08     417.2    0.7717     4.214     3.505
     3.332  3.14e+08     426.1    0.7768     4.227     3.504
     3.321  3.14e+08     434.4    0.7825     4.238     3.502
     3.308  3.14e+08     443.4    0.7879     4.249     3.501
     3.296 3.141e+08     452.6    0.7939      4.26     3.499
     3.285 3.141e+08     462.1    0.7994     4.269     3.497
     3.274 3.141e+08     471.1    0.8045     4.277     3.495
     3.262 3.141e+08     480.7    0.8091     4.286     3.492
     3.248 3.141e+08     491.2    0.8144     4.296      3.49
     3.232 3.142e+08     502.5    0.8203     4.306     3.488
     3.212 3.142e+08     514.8    0.8269     4.318     3.485
     3.194 3.142e+08     525.9    0.8344     4.328     3.483
     3.178 3.143e+08     535.7    0.8413     4.337     3.482
     3.162 3.143e+08     544.6    0.8477     4.346      3.48
     3.143 3.143e+08     554.4    0.8535     4.355     3.479
     3.126 3.143e+08     563.3      0.86     4.363     3.477
      3.11 3.143e+08     571.2     0.866      4.37     3.476
     3.092 3.144e+08     579.7    0.8715     4.379     3.475
     3.075 3.144e+08     587.3    0.8777     4.386     3.474
     3.059 3.144e+08     594.1    0.8833     4.392     3.473
     3.041 3.144e+08     601.7    0.8885     4.399     3.472
     3.024 3.144e+08     608.5    0.8942     4.406     3.471
     3.005 3.144e+08     616.1    0.8995     4.413      3.47
     2.987 3.145e+08     622.9    0.9054     4.419     3.469
     2.967 3.145e+08     632.3    0.9107     4.425     3.468
     2.948 3.145e+08     641.2    0.9167      4.43     3.466
     2.927 3.145e+08     650.8    0.9222     4.436     3.464
     2.907 3.145e+08     659.2    0.9282     4.441     3.463
     2.884 3.145e+08     668.6    0.9338     4.447     3.461
     2.863 3.146e+08     676.9    0.9399     4.452      3.46
     2.839 3.146e+08     685.8    0.9455     4.457     3.458
     2.817 3.146e+08     693.6    0.9518     4.462     3.457
     2.796 3.146e+08     700.4    0.9574     4.466     3.456
     2.777 3.146e+08     706.4    0.9626     4.469     3.455
     2.756 3.146e+08       713    0.9673     4.473     3.454
     2.736 3.146e+08     718.7    0.9724     4.477     3.453
     2.714 3.147e+08       725    0.9771     4.481     3.452
     2.671 3.147e+08     736.4    0.9871     4.487      3.45
      2.63 3.147e+08     747.1    0.9971     4.493     3.449
     2.588 3.147e+08     757.4     1.006     4.499     3.447
     2.544 3.148e+08     766.9     1.015     4.505     3.446
     2.499 3.148e+08     775.8     1.024      4.51     3.445
     2.453 3.148e+08     783.8     1.033     4.516     3.444
     2.405 3.148e+08     791.1     1.043     4.521     3.443
     2.365 3.148e+08     796.9     1.051     4.526     3.443
     2.323 3.149e+08     802.9     1.058      4.53     3.442
     2.258 3.149e+08     812.6     1.069     4.538     3.441
     2.214 3.149e+08     819.2     1.077     4.543     3.441
     2.168 3.149e+08       825     1.084     4.547     3.441
