         2    200000     1.938 2.487e-06     1.114     3.897
     1.997 8.192e+08     2.525 6.742e-06     1.341     3.896
     1.996 9.823e+08     3.052 1.144e-05     1.365     3.861
     1.995 1.114e+09     3.758     0.223     1.378     3.819
     1.994 1.156e+09     4.261    0.2253     1.509     3.824
     1.994 1.158e+09     4.703    0.2281     1.503     3.801
     1.994 1.161e+09       5.1    0.2318     1.482     3.779
     1.994 1.171e+09     5.604     0.241     1.286     3.709
     1.994 1.172e+09     5.988    0.2416     1.327     3.705
     1.994 1.173e+09     6.493    0.2425     1.381     3.701
     1.994 1.175e+09      7.14    0.2439     1.447     3.697
     1.994 1.176e+09     7.924    0.2459     1.521     3.693
     1.994 1.177e+09     8.416    0.2473     1.565      3.69
     1.994 1.178e+09     9.041    0.2496     1.616     3.688
     1.994 1.179e+09     9.703     0.252     1.667     3.685
     1.994 1.179e+09     10.16    0.2534     1.699     3.683
     1.994  1.18e+09     10.81    0.2562     1.743     3.681
     1.994 1.181e+09     11.29    0.2577     1.773     3.679
     1.994 1.181e+09     11.89    0.2598     1.808     3.676
     1.994 1.182e+09     12.29    0.2611     1.831     3.675
     1.994 1.183e+09     12.91    0.2642     1.865     3.673
     1.994 1.183e+09     13.43    0.2659     1.893     3.671
     1.994 1.184e+09     13.95    0.2679     1.919     3.669
     1.994 1.184e+09     14.35    0.2691     1.938     3.668
     1.994 1.184e+09     14.94     0.271     1.965     3.666
     1.994 1.185e+09     15.32    0.2723     1.982     3.665
     1.994 1.185e+09     15.74    0.2737         2     3.663
     1.994 1.186e+09     16.26    0.2753     2.022     3.662
     1.993 1.186e+09     16.92    0.2774     2.049      3.66
     1.993 1.187e+09     17.66    0.2805     2.077     3.658
     1.993 1.187e+09     18.32    0.2829     2.102     3.656
     1.993 1.187e+09     18.75    0.2844     2.118     3.655
     1.993 1.188e+09     19.27    0.2862     2.136     3.654
     1.993 1.188e+09     19.74    0.2882     2.153     3.652
     1.993 1.189e+09     20.25    0.2904      2.17     3.651
     1.992 1.189e+09     20.86    0.2956      2.19      3.65
      1.99   1.2e+09     21.28    0.3225     2.205     3.649
      1.99   1.2e+09      21.9    0.3235     2.225     3.648
      1.99 1.201e+09     22.49    0.3246     2.242     3.647
      1.99 1.201e+09     23.15    0.3257     2.262     3.645
     1.989 1.201e+09     23.78    0.3269      2.28     3.644
     1.989 1.202e+09     24.49    0.3281     2.301     3.643
     1.989 1.202e+09     25.17    0.3294     2.319     3.641
     1.989 1.203e+09     25.94    0.3307      2.34      3.64
     1.988 1.203e+09     26.67    0.3322     2.359     3.639
     1.988 1.203e+09     27.36    0.3335     2.376     3.637
     1.988 1.204e+09     28.14    0.3348     2.395     3.636
     1.988 1.204e+09     28.89    0.3363     2.413     3.635
     1.987 1.205e+09     29.68    0.3384     2.431     3.633
     1.987 1.205e+09     30.16    0.3391     2.442     3.633
     1.987 1.205e+09     30.62    0.3407     2.452     3.632
     1.987 1.205e+09     30.95    0.3412     2.459     3.631
     1.987 1.205e+09     31.43     0.342     2.469     3.631
     1.986 1.206e+09     32.17    0.3432     2.485     3.629
     1.986 1.206e+09     32.68     0.344     2.495     3.628
     1.986 1.206e+09     33.32     0.345     2.507     3.627
     1.986 1.206e+09     33.71    0.3456     2.515     3.627
     1.986 1.206e+09     34.15    0.3462     2.523     3.626
     1.986 1.206e+09     34.64    0.3469     2.532     3.625
     1.985 1.207e+09      35.2    0.3478     2.542     3.624
     1.985 1.207e+09     35.84    0.3487     2.554     3.623
     1.985 1.207e+09     36.56    0.3497     2.566     3.622
     1.984 1.207e+09     37.39    0.3509     2.581     3.621
     1.984 1.208e+09     38.33    0.3522     2.596     3.619
     1.984 1.208e+09     39.43    0.3538     2.614     3.618
     1.983 1.208e+09     40.69    0.3555     2.634     3.616
     1.982 1.208e+09     41.88    0.3575     2.653     3.614
     1.982 1.209e+09     43.01    0.3594      2.67     3.613
     1.981 1.209e+09     44.32    0.3612     2.689     3.611
     1.981 1.209e+09     45.57    0.3632     2.707     3.609
      1.98 1.209e+09     47.02    0.3652     2.727     3.608
     1.979  1.21e+09      48.4    0.3674     2.746     3.606
     1.979  1.21e+09     49.72    0.3694     2.763     3.604
     1.978  1.21e+09     51.25    0.3714     2.783     3.603
     1.978  1.21e+09      52.1    0.3736     2.793     3.602
     1.977  1.21e+09     53.07    0.3748     2.805     3.601
     1.976 1.211e+09     54.17    0.3762     2.818       3.6
     1.976 1.211e+09     55.42    0.3778     2.833     3.598
     1.975 1.211e+09     56.85    0.3796      2.85     3.597
     1.974 1.211e+09     58.52    0.3816     2.869     3.595
     1.973 1.211e+09     60.09     0.384     2.886     3.594
     1.972 1.212e+09     61.58    0.3862     2.902     3.593
     1.971 1.212e+09     63.31    0.3883     2.921     3.591
      1.97 1.212e+09     64.95    0.3906     2.937      3.59
     1.969 1.212e+09     66.86    0.3928     2.956     3.588
     1.968 1.212e+09     68.66    0.3954     2.974     3.587
     1.967 1.212e+09     70.35    0.3977     2.989     3.586
     1.966 1.213e+09      72.3    0.3999     3.007     3.584
     1.964 1.213e+09     74.13    0.4025     3.024     3.583
     1.964 1.213e+09     75.02    0.4049     3.031     3.582
     1.963 1.213e+09     75.75    0.4065     3.038     3.582
     1.963 1.213e+09     76.18     0.407     3.041     3.581
     1.963 1.213e+09     76.66    0.4075     3.046     3.581
     1.962 1.213e+09     77.19    0.4081      3.05     3.581
     1.962 1.213e+09     77.79    0.4088     3.055      3.58
     1.962 1.213e+09     78.45    0.4096     3.061      3.58
     1.961 1.213e+09     79.18    0.4104     3.067     3.579
     1.961 1.213e+09     79.69    0.4115     3.071     3.579
      1.96 1.213e+09     80.36    0.4126     3.076     3.578
      1.96 1.213e+09     80.84    0.4134      3.08     3.578
