     99.97     12600     15.13 2.259e-07     6.109     4.699
      75.1 2.247e+06     35.19 1.394e-06     6.185     4.535
     58.89  2.91e+06     66.85      49.7     6.253     4.413
     58.88  2.91e+06     102.2     49.77     6.262     4.322
     58.87 2.911e+06     127.6     49.76     6.265     4.275
     58.87 2.911e+06       145     49.74     6.266     4.248
     58.87 2.911e+06       170     49.69     6.267     4.214
     58.86 2.911e+06     200.1     49.68     6.269     4.178
     58.86 2.911e+06     223.8     49.63      6.27     4.155
     58.86 2.911e+06     262.3     49.63     6.272      4.12
     58.86 2.911e+06     288.7     49.54     6.273       4.1
     58.86 2.911e+06     310.3     49.52     6.273     4.084
     58.85 2.911e+06       342     49.47     6.274     4.063
     58.85 2.911e+06     378.3     49.45     6.274     4.041
     58.85 2.911e+06     402.1     49.41     6.275     4.028
     58.85 2.911e+06     436.3      49.4     6.274     4.011
     58.85 2.911e+06     456.7     49.38     6.275     4.001
     58.85 2.911e+06     488.2     49.35     6.275     3.986
     58.85 2.911e+06     529.7     49.33     6.275     3.969
     58.85 2.911e+06     556.1     49.32     6.276     3.958
     58.85 2.911e+06     589.8     49.29     6.275     3.945
     58.85 2.911e+06     620.4     49.27     6.276     3.935
     58.85 2.911e+06     647.7     49.27     6.276     3.925
     58.85 2.911e+06       686     49.25     6.276     3.913
     58.85 2.911e+06       715     49.23     6.276     3.904
     58.84 2.911e+06     749.4     49.22     6.277     3.894
     58.84 2.912e+06     771.2     49.22     6.277     3.887
     58.84 2.912e+06     798.3     49.22     6.277      3.88
     58.84 2.912e+06     833.3     49.21     6.277     3.871
     58.84 2.912e+06     873.7     49.22     6.276      3.86
     58.84 2.912e+06     905.4     49.22     6.276     3.853
     58.84 2.912e+06     927.4     49.22     6.276     3.847
     58.84 2.912e+06     967.8     49.21     6.276     3.838
     58.84 2.912e+06     993.6     49.21     6.276     3.832
     58.84 2.912e+06      1024      49.2     6.276     3.826
     58.84 2.912e+06      1060      49.2     6.276     3.818
     58.84 2.912e+06      1100      49.2     6.276      3.81
     58.84 2.912e+06      1122     49.19     6.276     3.806
     58.84 2.912e+06      1145     49.19     6.276     3.801
     58.84 2.912e+06      1171     49.19     6.276     3.796
     58.83 2.912e+06      1199     49.19     6.276     3.791
     58.83 2.912e+06      1229     49.19     6.275     3.786
     58.83 2.912e+06      1262     49.19     6.275      3.78
     58.83 2.912e+06      1296     49.19     6.275     3.774
     58.83 2.912e+06      1325     49.19     6.275     3.769
     58.83 2.912e+06      1357     49.19     6.275     3.764
     58.83 2.912e+06      1390     49.19     6.274     3.759
     58.83 2.912e+06      1426     49.19     6.274     3.753
     58.83 2.912e+06      1456     49.19     6.274     3.749
     58.82 2.912e+06      1491     49.19     6.273     3.744
     58.82 2.912e+06      1521     49.19     6.273     3.739
     58.82 2.912e+06      1554     49.19     6.273     3.734
     58.82 2.912e+06      1582     49.18     6.272      3.73
     58.82 2.912e+06      1611     49.18     6.272     3.726
     58.82 2.912e+06      1634     49.18     6.272     3.723
     58.82 2.912e+06      1666     49.18     6.271     3.719
     58.81 2.912e+06      1687     49.18     6.271     3.716
     58.81 2.912e+06      1712     49.17     6.271     3.713
     58.81 2.913e+06      1741     49.17     6.271     3.709
     58.81 2.913e+06      1774     49.17      6.27     3.705
     58.81 2.913e+06      1811     49.17      6.27     3.701
     58.81 2.913e+06      1834     49.17     6.271     3.698
      58.8 2.913e+06      1874     49.17     6.271     3.693
      58.8 2.913e+06      1895     49.17     6.271     3.691
      58.8 2.913e+06      1917     49.17     6.271     3.688
      58.8 2.913e+06      1941     49.16     6.271     3.686
      58.8 2.913e+06      1966     49.16     6.272     3.683
      58.8 2.913e+06      1991     49.15     6.272      3.68
     58.79 2.913e+06      2012     49.15     6.272     3.678
     58.79 2.913e+06      2042     49.14     6.272     3.675
     58.79 2.913e+06      2084     49.14     6.272      3.67
     58.78 2.913e+06      2113     49.14     6.272     3.667
     58.78 2.913e+06      2146     49.13     6.272     3.664
     58.78 2.914e+06      2184     49.13     6.273      3.66
     58.78 2.914e+06      2205     49.12     6.273     3.658
     58.77 2.914e+06      2227     49.11     6.273     3.656
     58.77 2.914e+06      2251     49.11     6.274     3.654
     58.77 2.914e+06      2277      49.1     6.274     3.652
     58.77 2.914e+06      2304     49.09     6.275     3.649
     58.76 2.914e+06      2333     49.09     6.276     3.647
     58.76 2.914e+06      2364     49.08     6.277     3.644
     58.76 2.914e+06      2391     49.07     6.278     3.642
     58.75 2.914e+06      2413     49.05     6.279      3.64
     58.75 2.915e+06      2452     49.04     6.281     3.637
     58.74 2.915e+06      2490     49.03     6.282     3.634
     58.74 2.915e+06      2530     49.02     6.284     3.631
     58.73 2.915e+06      2553     49.01     6.286      3.63
     58.73 2.915e+06      2592        49     6.289     3.627
     58.72 2.915e+06      2626     48.99     6.292     3.625
     58.72 2.916e+06      2664     48.99     6.295     3.623
     58.71 2.916e+06      2699     48.98     6.299     3.621
      58.7 2.916e+06      2723     48.97     6.301      3.62
      58.7 2.916e+06      2741     48.96     6.303     3.619
     58.69 2.916e+06      2766     48.96     6.306     3.618
     58.68 2.917e+06      2789     48.95     6.309     3.616
     58.66 2.917e+06      2821     48.94     6.312     3.615
     58.65 2.918e+06      2837     48.94     6.314     3.614
     58.61 2.919e+06      2868     48.94     6.318     3.613
     58.53 2.921e+06      2909     48.96     6.325     3.611
     58.19 2.932e+06      2934     48.97     6.332     3.611
