        10      2290     4.771 1.103e-06     3.727     4.354
      9.97 2.343e+07     11.03     2.053     4.182     4.286
      9.97 2.345e+07     18.87     2.065      4.22     4.179
      9.97 2.345e+07     24.43     2.068     4.217     4.122
      9.97 2.346e+07     31.66      2.07     4.205     4.063
      9.97 2.346e+07     35.75     2.071     4.197     4.035
      9.97 2.347e+07     42.53     2.072     4.184     3.994
      9.97 2.347e+07     48.63     2.072     4.173     3.962
      9.97 2.347e+07      54.3     2.073     4.163     3.935
      9.97 2.347e+07      58.7     2.073     4.155     3.916
      9.97 2.347e+07     65.05     2.073     4.145     3.892
      9.97 2.347e+07     71.86     2.073     4.135     3.867
     9.969 2.347e+07     76.03     2.073     4.128     3.853
     9.969 2.347e+07      81.3     2.073     4.121     3.837
     9.969 2.347e+07     86.72     2.073     4.113     3.821
     9.969 2.347e+07     92.33     2.073     4.105     3.806
     9.969 2.348e+07     98.04     2.073     4.098     3.791
     9.969 2.348e+07     103.8     2.073      4.09     3.776
     9.969 2.348e+07     109.5     2.073     4.083     3.763
     9.969 2.348e+07     116.4     2.073     4.075     3.748
     9.969 2.348e+07     123.2     2.074     4.065     3.733
     9.969 2.348e+07     128.8     2.074     4.056     3.721
     9.969 2.348e+07     134.1     2.074     4.049      3.71
     9.969 2.348e+07     138.9     2.074     4.041     3.701
     9.969 2.348e+07     143.6     2.074     4.034     3.692
     9.969 2.348e+07     150.5     2.074     4.017     3.677
     9.969 2.348e+07     154.8     2.074     4.003     3.668
     9.969 2.348e+07       160     2.074     3.974     3.653
     9.969 2.348e+07     163.9     2.074     3.914     3.633
     9.969 2.348e+07     169.5     2.074     3.918     3.627
     9.969 2.348e+07     176.5     2.074     3.933     3.622
     9.969 2.348e+07     184.4     2.074     3.954     3.618
     9.969 2.348e+07     188.4     2.074     3.965     3.616
     9.969 2.348e+07     192.5     2.074     3.977     3.614
     9.969 2.348e+07     200.2     2.074     3.999     3.611
     9.969 2.348e+07     207.1     2.074     4.019     3.608
     9.969 2.348e+07     213.2     2.074     4.036     3.607
     9.969 2.348e+07     218.3     2.074     4.051     3.605
     9.969 2.348e+07       224     2.074     4.066     3.603
     9.969 2.348e+07     229.7     2.074     4.082     3.602
     9.969 2.348e+07     236.7     2.074       4.1       3.6
     9.969 2.348e+07     240.6     2.074      4.11     3.599
     9.969 2.348e+07     247.8     2.074     4.128     3.597
     9.969 2.348e+07     254.5     2.074     4.144     3.595
     9.969 2.348e+07     260.7     2.074     4.159     3.594
     9.969 2.348e+07     268.4     2.074     4.177     3.592
     9.969 2.348e+07     273.3     2.074     4.188      3.59
     9.969 2.348e+07     278.8     2.074       4.2     3.589
     9.969 2.348e+07     283.4     2.074      4.21     3.588
     9.969 2.348e+07     290.3     2.074     4.225     3.587
     9.969 2.348e+07     296.7     2.074     4.238     3.585
     9.969 2.348e+07     300.3     2.074     4.245     3.584
     9.968 2.348e+07     305.1     2.074     4.255     3.583
     9.968 2.349e+07     309.4     2.074     4.264     3.583
     9.968 2.349e+07     313.2     2.074     4.271     3.582
     9.968 2.349e+07     317.5     2.074      4.28     3.581
     9.967 2.349e+07     323.5     2.074     4.291      3.58
     9.967 2.349e+07     328.5     2.074     4.301     3.579
     9.967 2.349e+07     332.1     2.075     4.307     3.578
     9.966 2.349e+07     337.6     2.075     4.317     3.577
     9.966 2.349e+07     341.4     2.075     4.324     3.576
     9.966 2.349e+07       346     2.075     4.333     3.576
     9.965  2.35e+07     352.6     2.075     4.344     3.574
     9.965  2.35e+07     357.4     2.075     4.353     3.573
     9.964  2.35e+07     363.6     2.075     4.363     3.572
     9.961 2.351e+07     370.7     2.076     4.375     3.571
     9.615 2.635e+07     376.8     2.874     4.389     3.571
     9.615 2.635e+07     381.8     2.874     4.397      3.57
     9.615 2.636e+07     386.6     2.874     4.405     3.569
     9.614 2.636e+07     390.4     2.874      4.41     3.569
     9.614 2.636e+07     395.4     2.874     4.418     3.568
     9.609 2.637e+07     400.3      2.87     4.425     3.567
     9.609 2.637e+07     403.9     2.869     4.431     3.566
     9.609 2.637e+07     408.5     2.868     4.438     3.566
     9.608 2.637e+07     413.9     2.868     4.446     3.565
     9.608 2.637e+07     420.2     2.867     4.455     3.564
     9.607 2.637e+07     427.3     2.866     4.465     3.563
     9.606 2.637e+07     435.3     2.865     4.476     3.562
     9.606 2.638e+07     442.4     2.864     4.486     3.561
     9.605 2.638e+07     450.2     2.863     4.497     3.559
     9.604 2.638e+07     458.6     2.862     4.508     3.558
     9.604 2.638e+07       466     2.861     4.518     3.557
     9.603 2.638e+07     474.1      2.86     4.529     3.556
     9.602 2.638e+07     481.4     2.859     4.538     3.555
     9.601 2.638e+07     487.8     2.858     4.546     3.554
     9.601 2.638e+07     493.6     2.857     4.553     3.554
       9.6 2.639e+07     499.9     2.856     4.561     3.553
     9.599 2.639e+07     505.7     2.855     4.568     3.552
     9.598 2.639e+07       512     2.855     4.576     3.551
     9.598 2.639e+07       519     2.854     4.584      3.55
     9.597 2.639e+07     525.3     2.853     4.591      3.55
     9.596 2.639e+07     531.1     2.852     4.598     3.549
     9.595 2.639e+07     536.4     2.851     4.604     3.548
     9.595 2.639e+07     542.3      2.85     4.611     3.548
     9.594 2.639e+07     547.7     2.848     4.617     3.547
     9.594  2.64e+07     552.4     2.847     4.622     3.546
     9.593  2.64e+07     556.6     2.846     4.627     3.546
     9.592  2.64e+07       564     2.843     4.635     3.545
     9.591  2.64e+07     569.7      2.84     4.641     3.544
     9.591  2.64e+07       574     2.838     4.646     3.544
