        15      2290     5.937  7.72e-07     4.272     4.443
     14.69 1.236e+07     15.33     3.854      4.72     4.349
     14.69 1.236e+07      23.4     3.732     4.752     4.265
     14.69 1.237e+07      34.1     3.685     4.759     4.185
     14.69 1.237e+07     46.21     3.682     4.755     4.118
     14.69 1.238e+07     57.78     3.665      4.75     4.068
     14.69 1.238e+07     68.75     3.654     4.748      4.03
     14.69 1.238e+07     75.97     3.648     4.746     4.008
     14.69 1.238e+07     82.09     3.646     4.746     3.991
     14.69 1.238e+07     91.42     3.643     4.744     3.967
     14.69 1.238e+07     97.26     3.641     4.744     3.954
     14.69 1.238e+07     104.9     3.639     4.742     3.937
     14.69 1.238e+07     114.2     3.639     4.742     3.918
     14.69 1.238e+07     125.6     3.637     4.739     3.897
     14.69 1.238e+07     133.8     3.637     4.738     3.883
     14.69 1.238e+07     143.7     3.637     4.737     3.867
     14.69 1.238e+07     156.6     3.637     4.735     3.848
     14.69 1.238e+07     164.9     3.637     4.733     3.837
     14.69 1.238e+07     175.1     3.638     4.732     3.823
     14.69 1.238e+07     187.5     3.638      4.73     3.808
     14.69 1.238e+07     199.6     3.638     4.729     3.794
     14.69 1.239e+07       211     3.637     4.728     3.782
     14.69 1.239e+07       224     3.637     4.727     3.769
     14.69 1.239e+07     236.7     3.637     4.723     3.756
     14.69 1.239e+07     250.2     3.638      4.72     3.743
     14.69 1.239e+07     261.5     3.638     4.719     3.733
     14.69 1.239e+07     269.7     3.638     4.718     3.726
     14.69 1.239e+07     279.8     3.638     4.717     3.718
     14.69 1.239e+07     291.4     3.638     4.715     3.709
     14.69 1.239e+07     297.6     3.638     4.713     3.703
     14.69 1.239e+07     304.8     3.638     4.711     3.697
     14.69 1.239e+07     312.5     3.638     4.709     3.692
     14.69 1.239e+07     319.8     3.638     4.708     3.686
     14.69 1.239e+07       328     3.637     4.707     3.681
     14.69 1.239e+07     337.3     3.637     4.705     3.674
     14.69 1.239e+07     345.8     3.637     4.702     3.668
     14.69 1.239e+07     353.9     3.637     4.699     3.662
     14.69 1.239e+07     367.1     3.637     4.695     3.653
     14.69 1.239e+07     375.1     3.638     4.692     3.648
     14.69 1.239e+07     386.7     3.638     4.686      3.64
     14.69 1.239e+07     395.1     3.638     4.678     3.633
     14.69 1.239e+07     404.8     3.637     4.673     3.627
     14.69 1.239e+07       413     3.637     4.664      3.62
     14.68 1.239e+07     419.3     3.637     4.653     3.614
     14.68 1.239e+07       428     3.638     4.648     3.608
     14.68 1.239e+07     435.5     3.639     4.635     3.601
     14.68 1.239e+07     444.9     3.639     4.631     3.596
     14.68 1.239e+07     454.3      3.64     4.633     3.592
     14.68 1.239e+07     461.4      3.64     4.637     3.589
     14.68 1.239e+07     472.5     3.641     4.646     3.586
     14.68 1.239e+07     478.8     3.641      4.65     3.584
     14.68 1.239e+07     487.4     3.641     4.658     3.582
     14.68  1.24e+07     497.5     3.642     4.667      3.58
     14.68  1.24e+07     510.7     3.644      4.68     3.578
     14.68  1.24e+07     519.9     3.645     4.689     3.576
     14.67 1.241e+07     531.5     3.658     4.702     3.575
     14.59  1.25e+07     541.6     3.754     4.716     3.574
     14.51 1.258e+07     552.5     3.831     4.728     3.573
     14.47 1.263e+07     558.7     3.876     4.735     3.572
     14.41 1.269e+07     566.5     3.938     4.743     3.571
     14.34 1.276e+07     574.9     4.001     4.751      3.57
     14.29 1.281e+07     581.2     4.048     4.758     3.569
     14.21 1.289e+07     590.7     4.115     4.767     3.568
     14.16 1.294e+07       597     4.162     4.774     3.567
     14.07 1.303e+07     606.9     4.234     4.783     3.566
     14.01 1.308e+07     613.2     4.284     4.789     3.565
      13.9 1.318e+07     625.1      4.37       4.8     3.564
     13.82 1.326e+07     633.8     4.423     4.808     3.563
     13.75 1.332e+07     641.1     4.473     4.815     3.562
     13.68 1.338e+07     649.5     4.525     4.822     3.561
     13.62 1.343e+07     655.5     4.556     4.827      3.56
     13.53 1.351e+07     665.7     4.617     4.836     3.559
     13.47 1.356e+07       673     4.648     4.842     3.558
     13.42  1.36e+07     679.4     4.674     4.847     3.558
     13.35 1.365e+07     687.7     4.713     4.854     3.557
     13.29  1.37e+07       697     4.748     4.861     3.556
     13.22 1.375e+07     709.3     4.782     4.871     3.554
     13.18 1.379e+07     717.9     4.804     4.878     3.553
     13.15 1.381e+07     723.8     4.819     4.882     3.553
     13.12 1.383e+07     732.9     4.833     4.889     3.552
      13.1 1.385e+07     743.5     4.846     4.898     3.551
     13.08 1.386e+07     752.6     4.854     4.905      3.55
     13.07 1.386e+07     762.4     4.861     4.912     3.549
     13.06 1.387e+07     775.6     4.865     4.922     3.548
     13.06 1.387e+07     788.9     4.865     4.932     3.546
     13.06 1.387e+07     798.9     4.866      4.94     3.546
     13.06 1.387e+07     805.7     4.866     4.945     3.545
     13.06 1.387e+07     814.3     4.866     4.952     3.544
     13.06 1.387e+07     823.3     4.866     4.958     3.544
     13.06 1.387e+07     831.7     4.867     4.965     3.543
     13.06 1.387e+07     837.8     4.867     4.969     3.543
     13.05 1.387e+07     850.7     4.868     4.978     3.542
     13.05 1.387e+07       860     4.869     4.985     3.541
     13.04 1.389e+07     872.8     4.859     4.992      3.54
     13.03 1.389e+07     880.4     4.858     4.998     3.539
     13.03 1.389e+07     887.5     4.856     5.003     3.538
     13.03 1.389e+07     895.5     4.855     5.008     3.538
     13.03 1.389e+07     902.9     4.853     5.013     3.537
     13.03 1.389e+07     914.8      4.85     5.021     3.536
     13.03 1.389e+07     924.3     4.847     5.027     3.536
