        12      2290     5.266 9.377e-07     3.979     4.396
     11.91 1.617e+07     10.59   1.2e-05     4.352     4.337
      11.9 1.719e+07     17.83     2.725     4.462     4.252
      11.9 1.719e+07     23.32     2.731     4.466     4.195
      11.9  1.72e+07     28.18     2.733     4.463     4.153
      11.9  1.72e+07     34.69     2.734     4.454     4.105
      11.9  1.72e+07     39.92     2.735     4.446     4.073
      11.9  1.72e+07     46.77     2.735     4.436     4.036
      11.9 1.721e+07     56.08     2.736     4.422     3.993
      11.9 1.721e+07     62.39     2.736     4.413     3.968
      11.9 1.721e+07     66.69     2.736     4.407     3.952
      11.9 1.721e+07     73.13     2.736     4.399      3.93
      11.9 1.721e+07     77.57     2.736     4.393     3.915
      11.9 1.721e+07     84.98     2.736     4.384     3.893
      11.9 1.721e+07     89.65     2.736     4.378      3.88
      11.9 1.721e+07     95.97     2.736     4.372     3.864
      11.9 1.721e+07     104.8     2.736     4.362     3.842
      11.9 1.721e+07     110.7     2.736     4.355     3.829
      11.9 1.721e+07       118     2.736     4.347     3.813
      11.9 1.721e+07     125.5     2.736     4.338     3.797
      11.9 1.721e+07     133.2     2.736      4.33     3.782
      11.9 1.721e+07     140.8     2.736     4.322     3.768
      11.9 1.721e+07     150.2     2.736     4.312     3.752
      11.9 1.721e+07     159.2     2.736     4.303     3.737
      11.9 1.721e+07     167.6     2.736     4.292     3.723
      11.9 1.721e+07     175.9     2.736     4.281      3.71
      11.9 1.721e+07     183.9     2.736      4.27     3.697
      11.9 1.721e+07     191.6     2.736     4.259     3.685
      11.9 1.721e+07     197.7     2.736     4.249     3.676
      11.9 1.721e+07     202.4     2.736     4.238     3.668
      11.9 1.721e+07     210.1     2.736     4.208     3.653
      11.9 1.721e+07     216.8     2.737     4.131     3.627
      11.9 1.721e+07     222.9     2.737     4.129      3.62
      11.9 1.721e+07     227.5     2.737     4.134     3.617
      11.9 1.721e+07     232.9     2.737     4.143     3.614
      11.9 1.721e+07     239.4     2.737     4.156     3.611
      11.9 1.721e+07     247.3     2.737     4.173     3.608
      11.9 1.721e+07     255.2     2.737     4.191     3.606
      11.9 1.721e+07     259.7     2.737     4.201     3.605
      11.9 1.721e+07     268.4     2.737      4.22     3.603
      11.9 1.721e+07       278     2.737     4.241       3.6
      11.9 1.721e+07     286.5     2.737      4.26     3.598
      11.9 1.721e+07     295.5     2.737     4.279     3.596
      11.9 1.721e+07     300.4     2.737     4.289     3.595
      11.9 1.721e+07       309     2.737     4.306     3.593
      11.9 1.721e+07     317.9     2.737     4.324     3.592
      11.9 1.721e+07     322.6     2.737     4.333     3.591
      11.9 1.722e+07     327.8     2.737     4.343      3.59
      11.9 1.722e+07     337.5     2.737     4.361     3.588
      11.9 1.722e+07     343.2     2.737     4.371     3.587
      11.9 1.722e+07     348.2     2.737      4.38     3.586
      11.9 1.722e+07     353.3     2.737     4.389     3.585
      11.9 1.722e+07     359.4     2.737       4.4     3.584
      11.9 1.722e+07     366.5     2.737     4.412     3.583
      11.9 1.722e+07     374.6     2.737     4.425     3.581
      11.9 1.722e+07       382     2.737     4.437      3.58
      11.9 1.722e+07     390.2     2.737      4.45     3.579
      11.9 1.722e+07     397.1     2.737     4.461     3.578
      11.9 1.722e+07     404.5     2.737     4.472     3.577
      11.9 1.722e+07       412     2.737     4.484     3.575
      11.9 1.722e+07     415.8     2.737      4.49     3.575
      11.9 1.722e+07       422     2.737     4.499     3.574
      11.9 1.722e+07       430     2.737      4.51     3.573
      11.9 1.722e+07     433.7     2.737     4.516     3.572
      11.9 1.722e+07     440.5     2.737     4.525     3.571
      11.9 1.722e+07     449.5     2.737     4.538      3.57
      11.9 1.722e+07     455.9     2.737     4.546     3.569
     11.89 1.722e+07     462.1     2.737     4.555     3.568
     11.45 1.931e+07     467.5     3.553     4.565     3.568
     11.45 1.931e+07     476.3     3.553     4.577     3.567
     11.45 1.931e+07     481.4     3.553     4.583     3.566
     11.45 1.931e+07     486.7     3.553      4.59     3.566
     11.45 1.931e+07     492.3     3.553     4.597     3.565
     11.45 1.931e+07     498.1     3.553     4.604     3.564
     11.45 1.931e+07       504     3.553     4.611     3.563
     11.45 1.931e+07     509.9     3.553     4.618     3.563
     11.45 1.931e+07     515.6     3.554     4.625     3.562
     11.45 1.931e+07     523.6     3.554     4.634     3.561
     11.44 1.932e+07       532      3.55     4.643      3.56
     11.44 1.932e+07     541.1     3.548     4.654     3.559
     11.44 1.932e+07     547.1     3.548      4.66     3.558
     11.44 1.932e+07     554.2     3.547     4.668     3.557
     11.44 1.932e+07     562.3     3.546     4.677     3.556
     11.44 1.932e+07     569.7     3.545     4.685     3.555
     11.44 1.932e+07     577.9     3.544     4.694     3.554
     11.44 1.932e+07     585.3     3.543     4.701     3.554
     11.44 1.933e+07     593.3     3.542      4.71     3.553
     11.44 1.933e+07       602     3.541     4.719     3.552
     11.44 1.933e+07     611.4      3.54     4.728     3.551
     11.44 1.933e+07     619.9     3.539     4.737      3.55
     11.44 1.933e+07       629     3.538     4.746     3.549
     11.43 1.933e+07     637.1     3.537     4.753     3.548
     11.43 1.933e+07     644.4     3.536      4.76     3.547
     11.43 1.933e+07     652.4     3.535     4.768     3.547
     11.43 1.933e+07     659.4     3.533     4.775     3.546
     11.43 1.933e+07     665.8     3.532     4.781     3.545
     11.43 1.933e+07     671.6     3.53      4.786     3.545
     11.43 1.933e+07     676.8     3.529     4.791     3.544
     11.43 1.934e+07     685.2     3.527     4.798     3.544
     11.43 1.934e+07     691.5     3.524     4.804     3.543
