        25      2290     7.789 5.144e-07     4.877     4.535
     23.88 6.281e+06     17.02 5.858e-06     5.181     4.442
     23.55 6.885e+06     28.08     7.558     5.277     4.357
     23.55 6.888e+06     39.02     7.552      5.29     4.289
     23.55  6.89e+06     55.09     7.418     5.299     4.216
     23.54 6.891e+06     65.56     7.334     5.301     4.179
     23.54 6.891e+06     79.05     7.329     5.302     4.138
     23.54 6.892e+06     89.49     7.275     5.301     4.111
     23.54 6.892e+06     102.4     7.266     5.301     4.082
     23.54 6.893e+06     110.3     7.242     5.302     4.066
     23.54 6.893e+06     120.1     7.234     5.302     4.048
     23.54 6.893e+06       132     7.216     5.303     4.027
     23.54 6.893e+06     140.7     7.209     5.303     4.013
     23.54 6.894e+06     148.2     7.205     5.304     4.003
     23.54 6.894e+06     160.4     7.194     5.304     3.985
     23.54 6.894e+06     175.1     7.183     5.306     3.967
     23.54 6.894e+06     188.6     7.178     5.306      3.95
     23.54 6.894e+06     197.9     7.171     5.306      3.94
     23.53 6.895e+06     209.8     7.161     5.307     3.928
     23.53 6.895e+06     217.7     7.159     5.307      3.92
     23.53 6.895e+06     228.8     7.157     5.307     3.909
     23.53 6.895e+06     239.4     7.154     5.308     3.899
     23.53 6.895e+06       255     7.152     5.308     3.886
     23.53 6.895e+06     265.9     7.147     5.309     3.877
     23.53 6.895e+06     280.3     7.145     5.308     3.865
     23.53 6.895e+06       290     7.143     5.308     3.858
     23.53 6.896e+06       302     7.142     5.308     3.849
     23.53 6.896e+06     308.9     7.142     5.308     3.844
     23.53 6.896e+06     321.7     7.142     5.308     3.835
     23.52 6.896e+06     336.9     7.142     5.308     3.825
     23.52 6.896e+06     346.3     7.142     5.308     3.819
     23.52 6.896e+06     357.2     7.141     5.308     3.812
     23.52 6.896e+06     369.7     7.141     5.308     3.805
     23.52 6.896e+06     384.9      7.14     5.308     3.796
     23.52 6.896e+06     398.9     7.139     5.308     3.788
     23.52 6.896e+06     414.6     7.138     5.308      3.78
     23.52 6.897e+06       432     7.137     5.308     3.771
     23.52 6.897e+06     451.7     7.136     5.308     3.761
     23.52 6.897e+06     473.3     7.135     5.307     3.751
     23.52 6.897e+06     496.5     7.135     5.307     3.741
     23.51 6.897e+06     524.1     7.135     5.307     3.729
     23.51 6.897e+06     549.5     7.135     5.306     3.718
     23.51 6.897e+06     578.9     7.134     5.305     3.707
     23.51 6.898e+06       606     7.134     5.304     3.697
     23.51 6.898e+06     629.3      7.13     5.303     3.688
     23.51 6.898e+06     648.6     7.125     5.302     3.681
     23.51 6.898e+06     657.2     7.123     5.302     3.679
     23.51 6.898e+06     667.5     7.122     5.302     3.675
      23.5 6.898e+06     679.4     7.121     5.301     3.671
      23.5 6.898e+06     690.5      7.12     5.301     3.668
      23.5 6.898e+06     702.1     7.119       5.3     3.664
      23.5 6.898e+06     713.3     7.119     5.299      3.66
      23.5 6.898e+06     724.6     7.118     5.298     3.656
      23.5 6.898e+06     735.7     7.118     5.298     3.653
      23.5 6.898e+06     747.1     7.118     5.296     3.649
      23.5 6.898e+06     759.6     7.118     5.295     3.645
      23.5 6.898e+06     772.8     7.118     5.294     3.641
      23.5 6.899e+06       787     7.118     5.294     3.637
      23.5 6.899e+06     801.8     7.118     5.293     3.633
      23.5 6.899e+06     815.2     7.117     5.291     3.629
      23.5 6.899e+06     827.1     7.115     5.289     3.625
      23.5 6.899e+06       839     7.114     5.287     3.622
     23.49 6.899e+06       851     7.112     5.285     3.618
     23.49 6.899e+06     858.7     7.111     5.284     3.616
     23.49 6.899e+06     867.2     7.111     5.283     3.614
     23.49 6.899e+06       876      7.11     5.282     3.611
     23.49 6.899e+06     884.9     7.109     5.281     3.609
     23.49   6.9e+06     899.9     7.108     5.277     3.604
     23.49   6.9e+06     913.4     7.108     5.274       3.6
     23.49   6.9e+06     928.4     7.108     5.274     3.596
     23.48   6.9e+06     943.7     7.108     5.275     3.593
     23.48 6.901e+06       959     7.108     5.277      3.59
     23.48 6.901e+06     971.4     7.109     5.276     3.587
     23.48 6.901e+06     980.1     7.109     5.277     3.585
     23.47 6.902e+06       995      7.11      5.28     3.583
     23.47 6.902e+06      1008     7.111     5.282     3.581
     23.47 6.902e+06      1015     7.111     5.283     3.579
     23.46 6.903e+06      1027     7.113     5.286     3.577
     23.46 6.903e+06      1033     7.113     5.287     3.576
     23.46 6.904e+06      1045     7.114      5.29     3.575
     23.45 6.904e+06      1053     7.115     5.292     3.574
     23.44 6.906e+06      1063     7.117     5.295     3.572
     23.42 6.909e+06      1075     7.125     5.298     3.571
     23.14 6.944e+06      1091     7.238     5.302     3.568
     22.91 6.974e+06      1100     7.327     5.304     3.567
     22.65 7.008e+06      1111     7.449     5.307     3.566
      22.3 7.052e+06      1126     7.593      5.31     3.564
     21.91 7.101e+06      1142     7.748     5.315     3.562
     21.73 7.123e+06      1150     7.824     5.317     3.561
      21.5 7.152e+06      1159     7.903      5.32      3.56
     21.06 7.205e+06      1174     8.069     5.325     3.558
     20.55 7.264e+06      1190     8.233     5.331     3.557
        20 7.328e+06      1206     8.394     5.336     3.555
     19.34 7.403e+06      1222     8.563     5.341     3.553
     18.73  7.47e+06      1238     8.705     5.345     3.552
     18.05 7.545e+06      1254     8.847     5.349      3.55
     17.55 7.598e+06      1270     8.934     5.354     3.549
     17.23 7.633e+06      1286     8.988     5.359     3.547
     17.05 7.652e+06      1302     9.017     5.365     3.546
     16.99 7.657e+06      1310     9.025     5.368     3.545
