        20      2290     6.922 6.096e-07     4.624     4.498
     19.18 8.633e+06     20.01     5.501     5.045     4.372
     19.18 8.638e+06     32.42     5.416     5.073     4.275
     19.18 8.642e+06     48.05     5.413      5.08     4.191
     19.18 8.643e+06     54.86     5.356     5.081     4.162
     19.18 8.644e+06     66.23     5.341     5.081     4.122
     19.18 8.645e+06     76.07     5.331     5.082     4.092
     19.18 8.646e+06     87.11     5.316     5.084     4.063
     19.18 8.647e+06     95.28     5.313     5.085     4.044
     19.18 8.647e+06     106.9     5.305     5.087     4.019
     19.18 8.648e+06     113.9     5.304     5.088     4.006
     19.18 8.648e+06     123.8     5.297      5.09     3.988
     19.18 8.649e+06     136.3     5.295     5.091     3.967
     19.17 8.649e+06     145.8     5.295     5.092     3.953
     19.17  8.65e+06     161.8     5.289     5.093     3.931
     19.17 8.651e+06     169.2     5.289     5.094     3.921
     19.17 8.651e+06     184.2     5.289     5.094     3.903
     19.17 8.652e+06     194.1     5.288     5.094     3.891
     19.17 8.652e+06     209.5     5.288     5.094     3.875
     19.17 8.653e+06     219.6     5.288     5.094     3.865
     19.16 8.653e+06     232.7     5.288     5.094     3.852
     19.16 8.654e+06     240.8     5.288     5.095     3.845
     19.16 8.654e+06     249.9     5.289     5.095     3.837
     19.16 8.654e+06     259.6     5.289     5.095     3.828
     19.16 8.655e+06     270.3      5.29     5.095      3.82
     19.16 8.655e+06     282.2      5.29     5.095      3.81
     19.16 8.656e+06     295.8     5.291     5.096       3.8
     19.16 8.656e+06     310.9     5.292     5.096     3.789
     19.15 8.657e+06     324.6     5.293     5.096      3.78
     19.15 8.657e+06     338.9     5.294     5.096     3.771
     19.15 8.658e+06     353.9     5.295     5.096     3.762
     19.15 8.658e+06     369.2     5.296     5.097     3.752
     19.15 8.659e+06     382.2     5.297     5.096     3.745
     19.14  8.66e+06     396.4     5.299     5.096     3.737
     19.14  8.66e+06     404.3     5.299     5.096     3.733
     19.14  8.66e+06     413.2     5.299     5.096     3.728
     19.14 8.661e+06     422.6       5.3     5.096     3.723
     19.14 8.661e+06       432       5.3     5.096     3.718
     19.14 8.662e+06     442.4     5.301     5.096     3.713
     19.13 8.662e+06     454.1     5.302     5.096     3.707
     19.13 8.663e+06     466.7     5.302     5.095     3.701
     19.13 8.664e+06     481.5     5.304     5.095     3.694
     19.13 8.664e+06     494.8     5.305     5.095     3.688
     19.12 8.665e+06     510.6     5.306     5.094     3.681
     19.12 8.666e+06     528.2     5.307     5.093     3.674
     19.12 8.666e+06       542     5.309     5.092     3.668
     19.11 8.667e+06     553.5      5.31     5.092     3.663
     19.11 8.668e+06       565     5.312     5.092     3.659
     19.11 8.668e+06     578.7     5.313     5.091     3.653
     19.11 8.669e+06     597.5     5.314     5.089     3.646
      19.1  8.67e+06     614.8     5.314     5.087     3.639
      19.1  8.67e+06       630     5.315     5.086     3.634
      19.1 8.671e+06     645.6     5.316     5.084     3.628
      19.1 8.672e+06     657.3     5.317     5.084     3.624
     19.09 8.672e+06       667     5.319     5.082      3.62
     19.09 8.673e+06     676.1      5.32     5.079     3.617
     19.09 8.673e+06     685.2     5.321     5.077     3.613
     19.09 8.674e+06     694.7     5.322     5.074      3.61
     19.09 8.674e+06     704.8     5.323     5.072     3.606
     19.09 8.675e+06     714.4     5.325      5.07     3.602
     19.08 8.676e+06     724.7     5.327     5.067     3.599
     19.08 8.678e+06     739.8     5.332     5.063     3.593
     19.07  8.68e+06     749.1     5.334     5.062      3.59
     19.07 8.682e+06     761.4     5.339     5.057     3.585
     19.06 8.684e+06     771.6     5.343     5.056     3.582
     19.05 8.688e+06     783.5      5.35     5.055     3.579
     19.03 8.696e+06     798.9     5.367     5.057     3.575
     18.97 8.717e+06     810.5     5.408     5.061     3.573
     18.87 8.755e+06     820.1     5.482     5.064     3.571
     18.73 8.807e+06     832.2     5.578     5.068     3.569
     18.57 8.868e+06     846.1     5.688     5.075     3.567
     18.41 8.926e+06     858.1     5.802      5.08     3.565
     18.22 8.995e+06     872.3     5.915     5.088     3.564
      18.1 9.039e+06     880.8     5.998     5.092     3.563
     17.88 9.115e+06     895.8     6.113       5.1     3.561
     17.73 9.167e+06     905.8     6.199     5.106      3.56
      17.6  9.21e+06     913.9     6.263      5.11     3.559
     17.39 9.282e+06     926.5     6.365     5.116     3.558
     17.27 9.321e+06     933.6     6.417      5.12     3.557
     17.02 9.398e+06       947     6.524     5.126     3.555
     16.88 9.443e+06       956     6.573     5.131     3.554
     16.64 9.517e+06     970.2     6.663     5.137     3.553
     16.56 9.543e+06     976.4     6.686      5.14     3.552
     16.41 9.587e+06     987.9     6.734     5.145     3.551
     16.32 9.613e+06     997.8     6.762      5.15      3.55
     16.25 9.636e+06      1013     6.785     5.158     3.549
     16.21 9.648e+06      1029     6.799     5.166     3.547
      16.2  9.65e+06      1037     6.801      5.17     3.547
     16.19 9.652e+06      1047     6.801     5.176     3.546
     16.19 9.652e+06      1054     6.801     5.179     3.545
     16.19 9.652e+06      1064     6.801     5.185     3.545
     16.19 9.653e+06      1076     6.801     5.192     3.544
     16.19 9.653e+06      1086     6.802     5.198     3.543
     16.19 9.653e+06      1098     6.802     5.205     3.543
     16.19 9.654e+06      1111     6.803     5.212     3.542
     16.18 9.654e+06      1125     6.804      5.22     3.541
     16.18 9.654e+06      1134     6.804     5.224     3.541
     16.18 9.655e+06      1146     6.805     5.231      3.54
     16.18 9.656e+06      1160     6.806     5.238     3.539
     16.14 9.662e+06      1175     6.799     5.244     3.538
