        30      2290     8.573 4.517e-07     5.071     4.563
     28.34 5.308e+06     20.39  5.56e-06     5.359     4.447
      27.8   5.8e+06        38     9.719     5.443     4.333
     27.79 5.801e+06     49.65     9.593     5.452     4.277
     27.79 5.802e+06     63.25     9.563     5.457     4.226
     27.79 5.803e+06     80.58     9.459     5.459     4.174
     27.79 5.804e+06     92.43      9.37     5.461     4.144
     27.79 5.804e+06     100.5     9.367     5.461     4.126
     27.79 5.804e+06     111.4      9.33     5.462     4.104
     27.78 5.804e+06     119.8      9.29     5.461     4.088
     27.78 5.805e+06       138     9.289     5.462     4.057
     27.78 5.805e+06     151.4     9.242     5.463     4.037
     27.78 5.805e+06     161.5     9.225     5.462     4.023
     27.78 5.805e+06     173.4     9.226     5.462     4.008
     27.78 5.805e+06     181.7     9.212     5.463     3.998
     27.78 5.805e+06     194.3     9.174     5.462     3.983
     27.78 5.805e+06     211.2     9.169     5.463     3.965
     27.78 5.806e+06       219     9.166     5.462     3.957
     27.78 5.806e+06     230.8      9.15     5.462     3.946
     27.78 5.806e+06     239.4     9.137     5.462     3.938
     27.77 5.806e+06     253.4     9.125     5.463     3.926
     27.77 5.806e+06     267.2     9.121     5.462     3.914
     27.77 5.806e+06     276.4      9.12     5.462     3.907
     27.77 5.806e+06     290.5     9.107     5.462     3.896
     27.77 5.806e+06     308.5     9.092     5.462     3.883
     27.77 5.806e+06     322.7     9.081     5.462     3.873
     27.77 5.806e+06       333     9.076     5.462     3.866
     27.77 5.806e+06     346.3     9.072     5.461     3.858
     27.77 5.806e+06     363.1     9.068     5.461     3.847
     27.77 5.806e+06     379.2     9.064     5.461     3.838
     27.77 5.806e+06     388.7     9.062     5.461     3.832
     27.77 5.807e+06     399.2      9.06     5.461     3.826
     27.77 5.807e+06     411.2     9.059      5.46      3.82
     27.76 5.807e+06     425.6     9.058      5.46     3.812
     27.76 5.807e+06     439.2     9.057      5.46     3.805
     27.76 5.807e+06     452.3     9.056     5.459     3.799
     27.76 5.807e+06     465.1     9.056     5.459     3.793
     27.76 5.807e+06     477.2     9.056     5.459     3.787
     27.76 5.807e+06     488.6     9.056     5.458     3.782
     27.76 5.807e+06     501.2     9.057     5.458     3.776
     27.76 5.807e+06     515.4     9.057     5.457      3.77
     27.76 5.807e+06       532     9.057     5.457     3.763
     27.76 5.807e+06     551.9     9.057     5.456     3.755
     27.75 5.807e+06     576.3     9.057     5.455     3.745
     27.75 5.807e+06     599.7     9.058     5.454     3.736
     27.75 5.807e+06     625.3     9.058     5.455     3.727
     27.75 5.807e+06     651.5     9.051     5.455     3.719
     27.75 5.807e+06     678.3     9.046     5.455      3.71
     27.75 5.807e+06     705.5     9.043     5.454     3.701
     27.75 5.807e+06     735.5      9.04     5.452     3.692
     27.75 5.807e+06     765.9     9.037     5.449     3.682
     27.74 5.808e+06     796.4     9.033     5.449     3.673
     27.74 5.808e+06       822      9.03     5.448     3.666
     27.74 5.808e+06     843.9     9.028     5.447     3.661
     27.74 5.808e+06     863.9     9.028     5.446     3.655
     27.74 5.808e+06     878.8     9.027     5.445     3.651
     27.74 5.808e+06     892.4     9.026     5.443     3.647
     27.74 5.808e+06     908.5     9.022     5.442     3.643
     27.74 5.808e+06     926.3     9.017     5.441     3.639
     27.73 5.808e+06     944.8     9.013      5.44     3.634
     27.73 5.808e+06     962.8      9.01     5.438      3.63
     27.73 5.808e+06     980.2     9.008     5.437     3.625
     27.73 5.808e+06     992.4     9.006     5.435     3.622
     27.73 5.808e+06      1003     9.004     5.433     3.619
     27.73 5.808e+06      1016     9.002     5.431     3.616
     27.73 5.808e+06      1029         9     5.431     3.613
     27.73 5.808e+06      1042     8.998      5.43      3.61
     27.73 5.808e+06      1054     8.996     5.429     3.608
     27.72 5.809e+06      1065     8.995     5.427     3.605
     27.72 5.809e+06      1076     8.993     5.424     3.602
     27.72 5.809e+06      1087     8.993     5.422     3.599
     27.72 5.809e+06      1102     8.992     5.424     3.597
     27.72 5.809e+06      1114     8.992     5.426     3.595
     27.72 5.809e+06      1124     8.992     5.427     3.593
     27.71 5.809e+06      1134     8.992     5.428     3.592
     27.71 5.809e+06      1143     8.992     5.428      3.59
     27.71 5.809e+06      1153     8.992     5.429     3.588
     27.71 5.809e+06      1163     8.992      5.43     3.586
     27.71 5.809e+06      1173     8.992     5.431     3.585
      27.7  5.81e+06      1185     8.992     5.433     3.583
      27.7  5.81e+06      1197     8.992     5.435     3.582
      27.7  5.81e+06      1210     8.993     5.438      3.58
      27.7  5.81e+06      1219     8.993      5.44     3.579
     27.69  5.81e+06      1232     8.993     5.441     3.577
     27.69  5.81e+06      1240     8.994     5.443     3.576
     27.69 5.811e+06      1251     8.994     5.445     3.575
     27.68 5.811e+06      1260     8.993     5.448     3.574
     27.68 5.811e+06      1277     8.992     5.453     3.572
     27.67 5.811e+06      1289     8.991     5.455     3.571
     27.66 5.812e+06      1298      8.99     5.457     3.569
     27.65 5.812e+06      1308     8.989     5.459     3.568
     27.64 5.813e+06      1320     8.988     5.462     3.567
     27.63 5.813e+06      1330     8.987     5.466     3.566
     27.59 5.815e+06      1342     8.989     5.469     3.565
     27.24 5.831e+06      1357     9.044     5.473     3.564
     26.65 5.857e+06      1366     9.153     5.475     3.563
     25.96 5.888e+06      1376     9.291     5.477     3.562
     24.65 5.945e+06      1392     9.579      5.48      3.56
     23.13  6.01e+06      1408     9.876     5.485     3.559
     22.36 6.043e+06      1416     10.03     5.487     3.558
