        35     22250     8.069 4.071e-07     5.234     4.617
     32.74  4.64e+06     23.32 4.979e-06     5.494     4.451
     32.04  5.02e+06     34.44     13.46     5.526     4.375
     31.86 5.105e+06     53.62     11.87     5.572      4.29
     31.86 5.105e+06     63.99     11.85     5.576     4.253
     31.86 5.106e+06      78.2      11.7     5.579      4.21
     31.85 5.106e+06     95.84     11.57     5.582     4.167
     31.85 5.107e+06     111.2     11.53     5.583     4.135
     31.85 5.107e+06     121.8     11.47     5.584     4.115
     31.85 5.107e+06     141.6     11.43     5.585     4.083
     31.85 5.107e+06     154.6     11.37     5.584     4.063
     31.85 5.108e+06     169.1     11.37     5.585     4.044
     31.84 5.108e+06     189.8      11.3     5.585     4.019
     31.84 5.108e+06       202     11.28     5.585     4.005
     31.84 5.108e+06     217.8     11.29     5.585     3.989
     31.84 5.108e+06     230.1     11.25     5.586     3.977
     31.84 5.108e+06     243.9     11.21     5.585     3.964
     31.84 5.108e+06     262.2     11.21     5.585     3.949
     31.84 5.108e+06     274.3     11.21     5.586     3.939
     31.84 5.108e+06     289.6     11.16     5.584     3.927
     31.84 5.108e+06     300.1     11.14     5.584     3.919
     31.84 5.108e+06     312.9     11.13     5.585     3.911
     31.84 5.108e+06     331.6     11.13     5.585     3.898
     31.83 5.109e+06     350.5     11.13     5.584     3.885
     31.83 5.109e+06     363.1     11.13     5.583     3.878
     31.83 5.109e+06     378.5     11.11     5.583     3.869
     31.83 5.109e+06     396.2     11.08     5.584     3.859
     31.83 5.109e+06     409.1     11.07     5.584     3.852
     31.83 5.109e+06     419.5     11.06     5.584     3.847
     31.83 5.109e+06     431.6     11.05     5.584      3.84
     31.83 5.109e+06     445.6     11.03     5.583     3.833
     31.82 5.109e+06     463.1     11.02     5.582     3.825
     31.82 5.109e+06     473.7     11.01     5.582      3.82
     31.82 5.109e+06     485.9     11.01     5.581     3.814
     31.82 5.109e+06     500.2        11      5.58     3.807
     31.82 5.109e+06     516.5     10.99      5.58       3.8
     31.82 5.109e+06     535.4     10.99     5.579     3.792
     31.82 5.109e+06     553.2     10.98     5.578     3.785
     31.82 5.109e+06     569.8     10.98     5.578     3.778
     31.81 5.109e+06     588.9     10.98     5.577     3.771
     31.81 5.109e+06     606.4     10.98     5.576     3.765
     31.81 5.109e+06     626.9     10.98     5.576     3.757
     31.81 5.109e+06     646.3     10.97     5.575      3.75
     31.81 5.109e+06     668.1     10.97     5.575     3.743
      31.8 5.109e+06     693.4     10.97     5.573     3.735
      31.8 5.109e+06     722.2     10.97     5.572     3.726
      31.8 5.109e+06     757.1     10.98     5.571     3.715
      31.8  5.11e+06     789.2     10.98     5.569     3.706
      31.8  5.11e+06       828     10.98     5.568     3.695
     31.79  5.11e+06     863.6     10.98     5.568     3.686
     31.79  5.11e+06     888.9     10.98     5.566     3.679
     31.79  5.11e+06       909     10.97     5.564     3.674
     31.79  5.11e+06     926.5     10.97     5.563     3.669
     31.79  5.11e+06     944.1     10.96     5.562     3.665
     31.78  5.11e+06     959.5     10.95     5.561     3.661
     31.78  5.11e+06     976.3     10.95     5.561     3.657
     31.78  5.11e+06     988.4     10.94     5.561     3.655
     31.78  5.11e+06      1001     10.94      5.56     3.652
     31.78  5.11e+06      1013     10.93     5.559     3.649
     31.78  5.11e+06      1027     10.93     5.558     3.645
     31.78  5.11e+06      1041     10.93     5.556     3.642
     31.77  5.11e+06      1063     10.92     5.553     3.637
     31.77  5.11e+06      1077     10.92     5.551     3.633
     31.77  5.11e+06      1094     10.92     5.549     3.629
     31.77  5.11e+06      1113     10.92     5.548     3.625
     31.77  5.11e+06      1133     10.92     5.548     3.622
     31.76  5.11e+06      1149     10.92     5.547     3.619
     31.76  5.11e+06      1160     10.92     5.546     3.616
     31.76  5.11e+06      1177     10.92     5.542     3.612
     31.75  5.11e+06      1196     10.92     5.537     3.607
     31.75  5.11e+06      1206     10.92     5.535     3.605
     31.75 5.111e+06      1221     10.92     5.534     3.602
     31.75 5.111e+06      1229     10.92     5.536     3.601
     31.75 5.111e+06      1245     10.91     5.538     3.599
     31.74 5.111e+06      1262     10.91     5.539     3.596
     31.74 5.111e+06      1271     10.91     5.539     3.595
     31.74 5.111e+06      1287     10.91     5.539     3.592
     31.74 5.111e+06      1299     10.91     5.541      3.59
     31.73 5.111e+06      1319     10.91     5.543     3.588
     31.73 5.111e+06      1329      10.9     5.545     3.586
     31.73 5.111e+06      1341      10.9     5.546     3.585
     31.72 5.111e+06      1354      10.9     5.548     3.583
     31.72 5.111e+06      1367      10.9     5.551     3.582
     31.72 5.111e+06      1378      10.9     5.552      3.58
     31.71 5.112e+06      1389      10.9     5.554     3.579
     31.71 5.112e+06      1401     10.89     5.556     3.578
      31.7 5.112e+06      1417     10.89      5.56     3.576
      31.7 5.112e+06      1430     10.89     5.563     3.575
     31.69 5.112e+06      1450     10.89     5.568     3.573
     31.68 5.112e+06      1466     10.89     5.571     3.572
     31.67 5.112e+06      1484     10.88     5.576      3.57
     31.66 5.112e+06      1497     10.88     5.579     3.569
     31.65 5.113e+06      1510     10.88     5.582     3.568
     31.63 5.113e+06      1529     10.88     5.588     3.567
     31.62 5.113e+06      1538     10.88      5.59     3.566
     31.59 5.114e+06      1552     10.88     5.593     3.565
     31.54 5.115e+06      1569     10.88     5.597     3.563
     31.49 5.116e+06      1579     10.89       5.6     3.563
     31.41 5.117e+06      1591     10.89     5.603     3.562
     30.71 5.128e+06      1607     10.95     5.606      3.56
