        45     600.3     10.86 3.476e-07     5.459     4.609
     40.47 3.974e+06     38.22     18.79     5.707     4.398
     39.24 4.241e+06     63.85     16.69      5.75     4.297
     39.24 4.242e+06     80.92     16.47     5.753     4.246
     39.23 4.243e+06     101.8     16.29     5.756     4.197
     39.23 4.243e+06     126.9     16.13     5.759      4.15
     39.23 4.243e+06     150.7     15.98      5.76     4.113
     39.23 4.243e+06     163.7     15.99      5.76     4.095
     39.23 4.243e+06     181.6     15.87     5.761     4.072
     39.22 4.244e+06     208.4     15.85     5.761     4.043
     39.22 4.244e+06     226.3     15.74     5.761     4.025
     39.22 4.244e+06     254.6     15.73     5.762         4
     39.22 4.244e+06       271     15.66     5.762     3.986
     39.22 4.244e+06     290.8     15.62     5.762     3.971
     39.21 4.244e+06     306.6     15.62     5.762     3.959
     39.21 4.244e+06     329.1     15.55     5.762     3.944
     39.21 4.244e+06     352.7     15.51     5.763     3.929
     39.21 4.244e+06     367.7     15.51     5.762      3.92
     39.26 4.244e+06     382.5     15.51     5.763     3.911
     39.26 4.244e+06     403.4     15.46     5.764       3.9
     39.26 4.244e+06       417     15.43     5.764     3.893
     39.26 4.244e+06     440.9     15.41     5.763     3.881
     39.26 4.244e+06     460.2      15.4     5.764     3.871
     39.26 4.244e+06       483     15.39     5.763     3.861
     39.26 4.244e+06     498.7     15.38     5.763     3.854
     39.25 4.244e+06       520     15.37     5.762     3.844
     39.25 4.244e+06       537     15.36     5.762     3.837
     39.25 4.244e+06     558.8     15.35     5.761     3.829
     39.24 4.245e+06     573.3     15.34     5.761     3.823
     39.24 4.245e+06     591.3     15.34     5.761     3.816
     39.24 4.245e+06       614     15.33      5.76     3.808
     39.24 4.245e+06     627.6     15.32      5.76     3.803
     39.23 4.245e+06     643.3     15.32     5.759     3.797
     39.23 4.245e+06     661.7     15.32     5.759     3.791
     39.23 4.245e+06     679.1     15.31     5.758     3.785
     39.23 4.245e+06       699     15.31     5.758     3.779
     39.22 4.245e+06     717.2     15.31     5.757     3.773
     39.22 4.245e+06     733.7     15.31     5.757     3.768
     39.22 4.245e+06       752     15.31     5.757     3.763
     39.21 4.245e+06     771.9     15.31     5.756     3.757
     39.21 4.245e+06     794.1      15.3     5.755     3.751
      39.2 4.245e+06       819      15.3     5.755     3.744
      39.2 4.245e+06     845.6     15.29     5.754     3.737
     39.19 4.245e+06       874     15.28     5.753     3.729
     39.19 4.245e+06     905.2     15.25     5.752     3.721
     39.18 4.245e+06     932.9     15.21     5.751     3.715
     39.17 4.245e+06     957.6     15.18      5.75     3.709
     39.16 4.245e+06     986.4     15.14     5.749     3.702
     39.16 4.245e+06      1009     15.13     5.748     3.697
     39.15 4.245e+06      1038     15.13     5.746      3.69
     39.15 4.245e+06      1055     15.13     5.745     3.687
     39.14 4.245e+06      1076     15.13     5.744     3.682
     39.13 4.245e+06      1101     15.13     5.743     3.677
     39.13 4.245e+06      1115     15.13     5.742     3.674
     39.13 4.245e+06      1140     15.13     5.741     3.669
     39.12 4.245e+06      1169     15.13      5.74     3.663
     39.11 4.245e+06      1185     15.13     5.739      3.66
     39.11 4.245e+06      1203     15.13     5.738     3.656
      39.1 4.245e+06      1221     15.14     5.738     3.653
     39.09 4.245e+06      1236     15.14     5.737      3.65
     39.09 4.245e+06      1260     15.14     5.735     3.645
     39.08 4.246e+06      1279     15.13     5.733     3.642
     39.07 4.246e+06      1301     15.12     5.731     3.638
     39.05 4.246e+06      1329      15.1     5.728     3.632
     39.05 4.246e+06      1346     15.07     5.726     3.629
     39.04 4.246e+06      1364     15.05     5.725     3.626
     39.03 4.246e+06      1380     15.02     5.723     3.623
     39.03 4.246e+06      1397     15.01     5.722      3.62
     39.02 4.246e+06      1414        15     5.721     3.617
     39.01 4.246e+06      1428     14.99      5.72     3.615
        39 4.246e+06      1450     14.98     5.717     3.611
     38.98 4.246e+06      1474     14.97     5.715     3.606
     38.97 4.246e+06      1498     14.96     5.715     3.603
     38.96 4.246e+06      1513     14.96     5.717     3.601
     38.94 4.246e+06      1540     14.95     5.718     3.598
     38.92 4.246e+06      1568     14.95      5.72     3.594
     38.89 4.246e+06      1596     14.94      5.72      3.59
     38.88 4.247e+06      1614     14.93     5.722     3.588
     38.86 4.247e+06      1629     14.93     5.723     3.587
     38.84 4.247e+06      1647     14.91     5.725     3.585
     38.82 4.247e+06      1676     14.91     5.728     3.582
     38.79 4.247e+06      1704      14.9     5.733     3.579
     38.77 4.247e+06      1720      14.9     5.735     3.578
     38.75 4.247e+06      1736     14.89     5.738     3.577
     38.73 4.247e+06      1752     14.89      5.74     3.575
      38.7 4.247e+06      1771     14.88     5.744     3.574
     38.67 4.247e+06      1791     14.88     5.748     3.572
     38.66 4.248e+06      1802     14.88      5.75     3.572
     38.62 4.248e+06      1820     14.88     5.754      3.57
     38.58 4.248e+06      1842     14.88     5.759     3.569
     38.52 4.248e+06      1865     14.88     5.764     3.567
     38.48 4.248e+06      1878     14.88     5.767     3.567
     38.43 4.248e+06      1895     14.88     5.771     3.566
     38.38 4.248e+06      1910     14.88     5.774     3.565
      38.3 4.249e+06      1928     14.89     5.779     3.564
     38.22 4.249e+06      1945     14.89     5.783     3.563
     38.02 4.249e+06      1970     14.89     5.789     3.562
     37.82  4.25e+06      1987     14.89     5.793     3.561
     37.11 4.251e+06      2012     14.91     5.798     3.559
     36.62 4.252e+06      2026     14.92     5.801     3.559
