        40      2290     9.987 3.737e-07     5.354     4.601
     37.11 4.119e+06     25.45 4.018e-06       5.6     4.459
     35.69 4.603e+06     46.75      14.4     5.664     4.343
     35.69 4.604e+06     65.73     14.16     5.671     4.271
     35.68 4.605e+06     80.45        14     5.674     4.228
     35.68 4.605e+06       103     13.85     5.678     4.175
     35.68 4.605e+06     118.3     13.71     5.679     4.145
     35.68 4.606e+06     129.3     13.71      5.68     4.126
     35.68 4.606e+06     142.9     13.61      5.68     4.104
     35.67 4.606e+06     163.8     13.58     5.681     4.075
     35.67 4.606e+06     180.8     13.49     5.681     4.054
     35.67 4.606e+06     197.2     13.47     5.682     4.035
     35.67 4.606e+06     218.7      13.4     5.682     4.012
     35.67 4.607e+06     238.4     13.37     5.682     3.994
     35.67 4.607e+06     257.9     13.37     5.682     3.977
     35.67 4.607e+06     270.3     13.31     5.683     3.967
     35.66 4.607e+06     284.5     13.28     5.682     3.955
     35.66 4.607e+06     307.4     13.27     5.682     3.939
     35.66 4.607e+06     321.7     13.27     5.683     3.929
     35.66 4.607e+06     340.2     13.21     5.682     3.917
     35.66 4.607e+06     352.3      13.2     5.682     3.909
     35.66 4.607e+06     364.1     13.19     5.682     3.902
     35.66 4.607e+06     378.5     13.18     5.683     3.893
     35.66 4.607e+06     399.9     13.18     5.682     3.881
     35.65 4.607e+06     416.2     13.18     5.682     3.873
     35.65 4.607e+06     426.4     13.17     5.682     3.867
     35.65 4.607e+06     442.1     13.13     5.682      3.86
     35.65 4.607e+06     455.3      13.1     5.681     3.853
     35.65 4.607e+06     469.3     13.08     5.681     3.846
     35.65 4.607e+06     480.3     13.06      5.68     3.841
     35.65 4.607e+06     492.8     13.04      5.68     3.836
     35.64 4.607e+06     508.9     13.03     5.679     3.828
     35.64 4.607e+06     529.9     13.01     5.678     3.819
     35.64 4.607e+06     542.7        13     5.678     3.814
     35.64 4.607e+06     557.4     12.99     5.677     3.808
     35.64 4.607e+06     574.7     12.98     5.677     3.801
     35.63 4.608e+06     595.5     12.97     5.676     3.794
     35.63 4.608e+06     615.2     12.96     5.676     3.786
     35.63 4.608e+06     634.2     12.96     5.675      3.78
     35.63 4.608e+06     652.2     12.95     5.675     3.773
     35.63 4.608e+06     672.9     12.95     5.674     3.766
     35.62 4.608e+06       693     12.95     5.673      3.76
     35.62 4.608e+06       712     12.95     5.673     3.754
     35.62 4.608e+06       735     12.95     5.673     3.747
     35.62 4.608e+06     754.9     12.95     5.673     3.741
     35.62 4.608e+06     776.2     12.95     5.672     3.735
     35.61 4.608e+06     798.3     12.95     5.672     3.729
     35.61 4.608e+06     821.5     12.95     5.671     3.722
     35.61 4.608e+06     844.5     12.95     5.671     3.716
      35.6 4.608e+06     868.2     12.95     5.669      3.71
      35.6 4.608e+06     893.3     12.95     5.668     3.703
     35.59 4.608e+06     923.2     12.95     5.666     3.696
     35.59 4.608e+06     951.1     12.95     5.664     3.689
     35.59 4.608e+06     976.7     12.95     5.663     3.683
     35.58 4.608e+06      1006     12.96     5.663     3.676
     35.58 4.608e+06      1037     12.96     5.662     3.669
     35.57 4.608e+06      1063     12.96      5.66     3.664
     35.57 4.608e+06      1083     12.94     5.659     3.659
     35.57 4.608e+06      1100     12.91     5.657     3.655
     35.56 4.608e+06      1119     12.89     5.655     3.651
     35.56 4.608e+06      1139     12.88     5.653     3.647
     35.56 4.608e+06      1156     12.87     5.651     3.643
     35.55 4.608e+06      1176     12.86      5.65     3.639
     35.55 4.608e+06      1197     12.86      5.65     3.635
     35.54 4.608e+06      1221     12.85     5.649     3.631
     35.54 4.609e+06      1237     12.85     5.647     3.627
     35.53 4.609e+06      1255     12.85     5.644     3.623
     35.53 4.609e+06      1271     12.85     5.641      3.62
     35.52 4.609e+06      1293     12.85     5.637     3.615
     35.52 4.609e+06      1307     12.85     5.634     3.612
     35.51 4.609e+06      1327     12.85     5.634     3.609
     35.51 4.609e+06      1348     12.85     5.633     3.605
      35.5 4.609e+06      1365     12.85     5.634     3.603
      35.5 4.609e+06      1379     12.85     5.634       3.6
     35.49 4.609e+06      1396     12.85     5.633     3.598
     35.48 4.609e+06      1419     12.85     5.634     3.594
     35.47 4.609e+06      1442     12.85     5.637     3.592
     35.47 4.609e+06      1456     12.85     5.638      3.59
     35.46 4.609e+06      1472     12.85      5.64     3.588
     35.45 4.609e+06      1486     12.85     5.641     3.586
     35.45  4.61e+06      1496     12.85     5.642     3.585
     35.44  4.61e+06      1513     12.85     5.644     3.583
     35.43  4.61e+06      1535     12.85     5.646      3.58
     35.42  4.61e+06      1546     12.85     5.648     3.579
     35.42  4.61e+06      1560     12.85     5.651     3.578
     35.41  4.61e+06      1572     12.85     5.654     3.577
      35.4  4.61e+06      1589     12.85     5.657     3.576
     35.39  4.61e+06      1602     12.85     5.659     3.574
     35.38  4.61e+06      1621     12.85     5.663     3.573
     35.36  4.61e+06      1640     12.85     5.667     3.571
     35.34 4.611e+06      1661     12.85     5.672      3.57
     35.32 4.611e+06      1681     12.85     5.677     3.568
      35.3 4.611e+06      1700     12.85     5.682     3.567
     35.27 4.611e+06      1714     12.85     5.686     3.566
     35.24 4.611e+06      1731     12.85      5.69     3.565
     35.19 4.612e+06      1752     12.85     5.695     3.564
     35.13 4.612e+06      1769     12.85     5.699     3.563
     34.99 4.613e+06      1790     12.85     5.704     3.561
     34.78 4.614e+06      1805     12.85     5.707      3.56
     34.63 4.615e+06      1817     12.85      5.71      3.56
