        50       500     11.54 3.264e-07     5.553     4.619
     44.26 3.677e+06     43.14      21.4     5.784      4.39
     43.34 3.834e+06     62.54     21.57     5.797     4.313
     42.57 3.948e+06     87.69     21.57      5.81     4.243
     42.37 3.976e+06       117     19.16     5.826     4.184
     42.37 3.976e+06     136.4     18.97     5.828     4.151
     42.37 3.976e+06     150.7     18.96     5.828      4.13
     42.37 3.976e+06       170     18.81     5.828     4.104
     42.36 3.976e+06     194.7      18.7     5.829     4.074
     42.36 3.976e+06     212.6     18.67      5.83     4.056
     42.36 3.977e+06     235.9     18.63      5.83     4.033
     42.36 3.977e+06     257.3     18.54     5.831     4.014
     42.36 3.977e+06     277.5     18.55      5.83     3.998
     42.35 3.977e+06     291.2     18.48     5.831     3.988
     42.35 3.977e+06       313     18.42     5.831     3.972
     42.35 3.977e+06     343.8     18.42     5.832     3.952
     42.35 3.977e+06     370.7     18.33     5.831     3.935
     42.34 3.977e+06       399     18.32     5.832     3.919
     42.34 3.977e+06     416.6     18.32     5.832      3.91
     42.34 3.977e+06       435     18.28     5.831       3.9
     42.34 3.977e+06     450.3     18.24     5.831     3.893
     42.34 3.977e+06     476.3      18.2     5.831     3.881
     42.33 3.977e+06     506.1     18.17     5.832     3.868
     42.33 3.977e+06     531.3     18.16     5.831     3.857
     42.33 3.977e+06     547.6     18.14     5.831      3.85
     42.33 3.977e+06     563.4     18.12     5.831     3.844
     42.32 3.977e+06     590.2     18.09      5.83     3.834
     42.32 3.977e+06     606.6     18.07      5.83     3.828
     42.31 3.977e+06     626.8     18.04     5.829     3.821
     42.31 3.977e+06     652.5     18.01     5.829     3.812
      42.3 3.977e+06     667.6     17.99     5.828     3.807
      42.3 3.977e+06     684.7     17.97     5.828     3.801
      42.3 3.977e+06     703.8     17.95     5.827     3.795
     42.29 3.977e+06     721.2     17.92     5.827      3.79
     42.29 3.977e+06     741.1      17.9     5.826     3.783
     42.28 3.977e+06     763.7     17.87     5.826     3.777
     42.28 3.978e+06     784.2     17.85     5.825     3.771
     42.27 3.978e+06     806.8     17.83     5.825     3.765
     42.27 3.978e+06     831.2     17.81     5.824     3.758
     42.26 3.978e+06     856.7      17.8     5.823     3.751
     42.25 3.978e+06     886.3     17.78     5.822     3.744
     42.24 3.978e+06     914.2     17.77     5.821     3.737
     42.23 3.978e+06     945.8     17.77      5.82     3.729
     42.22 3.978e+06     981.1     17.77     5.819     3.721
     42.21 3.978e+06      1019     17.77     5.818     3.712
     42.19 3.978e+06      1061     17.77     5.816     3.703
     42.17 3.978e+06      1107     17.77     5.814     3.693
     42.16 3.978e+06      1146     17.78     5.813     3.685
     42.14 3.978e+06      1180     17.78     5.811     3.679
     42.13 3.978e+06      1212     17.79      5.81     3.673
     42.11 3.978e+06      1239     17.79     5.809     3.668
     42.09 3.978e+06      1269      17.8     5.808     3.662
     42.07 3.978e+06      1300      17.8     5.806     3.656
     42.06 3.978e+06      1326      17.8     5.804     3.652
     42.04 3.978e+06      1355     17.79     5.801     3.646
     42.02 3.978e+06      1378     17.77       5.8     3.642
        42 3.978e+06      1403     17.73     5.798     3.638
     41.98 3.978e+06      1433     17.68     5.796     3.633
     41.96 3.978e+06      1464     17.65     5.794     3.628
     41.94 3.978e+06      1490     17.62     5.792     3.623
     41.92 3.979e+06      1512     17.61     5.791      3.62
      41.9 3.979e+06      1533      17.6     5.789     3.616
     41.88 3.979e+06      1551     17.59     5.787     3.613
     41.85 3.979e+06      1582     17.58     5.786     3.609
     41.81 3.979e+06      1613     17.58     5.788     3.605
     41.78 3.979e+06      1639     17.57     5.789     3.602
     41.76 3.979e+06      1655     17.57     5.789       3.6
     41.72 3.979e+06      1685     17.56      5.79     3.596
      41.7 3.979e+06      1701     17.55     5.791     3.594
     41.67 3.979e+06      1718     17.55     5.793     3.593
     41.63 3.979e+06      1745     17.53     5.795      3.59
     41.59 3.979e+06      1761     17.52     5.796     3.588
     41.56 3.979e+06      1780     17.51     5.797     3.586
     41.51  3.98e+06      1807      17.5     5.801     3.584
     41.46  3.98e+06      1834     17.48     5.805     3.581
      41.4  3.98e+06      1861     17.47     5.808     3.579
     41.32  3.98e+06      1893     17.45     5.813     3.577
     41.28  3.98e+06      1909     17.44     5.816     3.576
      41.2  3.98e+06      1934     17.42      5.82     3.574
      41.1  3.98e+06      1964     17.41     5.826     3.572
     41.04  3.98e+06      1982      17.4      5.83     3.571
     40.91 3.981e+06      2010      17.4     5.836     3.569
     40.78 3.981e+06      2034      17.4     5.841     3.568
      40.7 3.981e+06      2047      17.4     5.844     3.567
     40.56 3.981e+06      2070     17.41     5.849     3.566
     40.39 3.981e+06      2090     17.42     5.854     3.565
     40.39 3.981e+06      2114     17.42     5.859     3.564
     40.38 3.981e+06      2133     17.42     5.864     3.563
     40.37 3.982e+06      2158     17.42      5.87     3.562
     40.36 3.982e+06      2184     17.43     5.876     3.561
     40.33 3.983e+06      2213     17.43     5.883      3.56
     40.29 3.984e+06      2237     17.44     5.888     3.559
     40.19 3.987e+06      2266      17.5     5.896     3.558
     39.84 3.998e+06      2281     17.76       5.9     3.558
     39.29 4.016e+06      2298     18.15     5.904     3.557
     38.45 4.043e+06      2325     18.81     5.911     3.556
      37.8 4.063e+06      2347     19.28     5.917     3.556
     37.29 4.079e+06      2362     19.65     5.921     3.556
     36.51 4.104e+06      2383     20.17     5.927     3.555
     35.92 4.123e+06      2396     20.54     5.931     3.555
