     59.99     15810     10.95 2.943e-07     5.716     4.671
      52.2 3.123e+06     41.59 2.957e-06     5.898     4.427
      50.4 3.335e+06     69.02        27     5.914     4.321
     49.61 3.419e+06     93.37        27     5.921     4.257
     49.04 3.471e+06     120.9        27     5.926     4.202
     48.71 3.498e+06     141.2        27     5.928     4.169
     48.33 3.524e+06     167.1        27     5.931     4.133
     47.98 3.544e+06     192.5        27     5.933     4.103
     47.37 3.572e+06     225.2        27     5.938      4.07
      46.9 3.592e+06     249.9     23.58     5.952     4.051
      46.9 3.592e+06     272.2     23.62     5.952     4.032
     46.89 3.592e+06     304.7     23.45     5.951     4.008
     46.89 3.592e+06     339.7     23.51     5.951     3.984
     46.89 3.592e+06     362.2     23.36      5.95      3.97
     46.89 3.592e+06     383.2     23.38     5.951     3.958
     46.88 3.592e+06     411.2     23.34      5.95     3.942
     46.88 3.592e+06     449.4     23.36      5.95     3.923
     46.88 3.592e+06     478.2     23.24      5.95     3.909
     46.88 3.592e+06     505.7     23.21     5.949     3.897
     46.88 3.592e+06     528.1     23.24      5.95     3.888
     46.88 3.592e+06     559.6     23.26     5.951     3.876
     46.88 3.592e+06     579.1     23.18      5.95     3.868
     46.88 3.592e+06     610.5     23.07      5.95     3.856
     46.88 3.592e+06     633.7     23.03      5.95     3.848
     46.88 3.593e+06     655.5     22.99     5.949     3.841
     46.88 3.593e+06     679.6     22.97     5.949     3.833
     46.88 3.593e+06     708.7     22.94     5.949     3.824
     46.88 3.593e+06     725.2     22.92     5.949     3.819
     46.87 3.593e+06     755.6      22.9     5.949      3.81
     46.87 3.593e+06     792.9     22.87     5.949     3.799
     46.87 3.593e+06     815.4     22.86     5.948     3.793
     46.87 3.593e+06     836.5     22.84     5.948     3.788
     46.87 3.593e+06     860.4     22.83     5.948     3.782
     46.87 3.593e+06     885.6     22.81     5.948     3.775
     46.87 3.593e+06     907.5     22.79     5.948      3.77
     46.87 3.593e+06     946.8     22.74     5.948     3.761
     46.87 3.593e+06     968.2     22.69     5.948     3.756
     46.87 3.593e+06     990.5     22.62     5.948     3.751
     46.87 3.593e+06      1014     22.53     5.948     3.746
     46.87 3.593e+06      1054     22.48     5.948     3.737
     46.87 3.593e+06      1075     22.47     5.948     3.733
     46.87 3.593e+06      1097     22.45     5.947     3.728
     46.86 3.593e+06      1121     22.44     5.947     3.724
     46.86 3.593e+06      1147     22.43     5.946     3.719
     46.86 3.593e+06      1174     22.43     5.945     3.713
     46.86 3.593e+06      1202     22.43     5.944     3.708
     46.86 3.593e+06      1226     22.43     5.943     3.704
     46.86 3.593e+06      1253     22.42     5.942     3.699
     46.86 3.593e+06      1286     22.43     5.941     3.692
     46.86 3.593e+06      1316     22.44      5.94     3.687
     46.86 3.593e+06      1344     22.46     5.939     3.682
     46.85 3.593e+06      1373     22.47     5.939     3.678
     46.85 3.593e+06      1401     22.48     5.939     3.673
     46.85 3.593e+06      1426     22.48     5.938     3.669
     46.85 3.593e+06      1447     22.49     5.938     3.666
     46.85 3.593e+06      1482     22.48     5.937     3.661
     46.85 3.593e+06      1516     22.45     5.936     3.656
     46.85 3.593e+06      1541     22.38     5.935     3.652
     46.84 3.594e+06      1573     22.22     5.933     3.647
     46.84 3.594e+06      1604     22.14      5.93     3.642
     46.84 3.594e+06      1642     22.12     5.928     3.636
     46.84 3.594e+06      1668     22.11     5.927     3.633
     46.84 3.594e+06      1695     22.11     5.926     3.629
     46.83 3.594e+06      1722     22.12     5.926     3.625
     46.83 3.594e+06      1750     22.12     5.925     3.622
     46.83 3.594e+06      1774     22.12     5.925     3.619
     46.83 3.594e+06      1812     22.11     5.925     3.614
     46.82 3.594e+06      1852     22.11     5.926     3.609
     46.82 3.594e+06      1875      22.1     5.926     3.607
     46.82 3.594e+06      1898     22.09     5.927     3.605
     46.81 3.594e+06      1924     22.08     5.929     3.602
     46.81 3.595e+06      1954     22.07      5.93     3.599
     46.81 3.595e+06      1995     22.04     5.931     3.595
      46.8 3.595e+06      2016     22.03     5.933     3.593
      46.8 3.595e+06      2047     22.01     5.935      3.59
      46.8 3.595e+06      2066        22     5.936     3.588
     46.79 3.595e+06      2089     21.99     5.938     3.586
     46.79 3.595e+06      2117     21.97      5.94     3.584
     46.79 3.595e+06      2154     21.94     5.945     3.582
     46.78 3.595e+06      2175     21.93     5.948      3.58
     46.78 3.596e+06      2198     21.91     5.952     3.579
     46.78 3.596e+06      2225     21.89     5.956     3.577
     46.77 3.596e+06      2256     21.87     5.961     3.575
     46.77 3.596e+06      2284     21.85     5.965     3.574
     46.76 3.596e+06      2313     21.81      5.97     3.572
     46.76 3.596e+06      2336      21.8     5.975     3.571
     46.75 3.596e+06      2366     21.78     5.981      3.57
     46.75 3.597e+06      2402     21.76     5.988     3.569
     46.74 3.597e+06      2429     21.75     5.994     3.568
     46.73 3.597e+06      2466     21.81     6.002     3.566
     46.72 3.597e+06      2491     21.83     6.007     3.565
     46.72 3.598e+06      2513     21.84     6.012     3.565
      46.7 3.598e+06      2546     21.86      6.02     3.564
     46.69 3.599e+06      2561     21.87     6.023     3.563
     46.63   3.6e+06      2590     21.87     6.029     3.562
     46.59 3.602e+06      2611     21.94     6.034     3.562
     46.01  3.62e+06      2642     22.76     6.042     3.561
     45.43 3.638e+06      2665     23.64     6.047     3.561
     44.94 3.654e+06      2683     24.29     6.052     3.561
     44.32 3.673e+06      2707     25.11     6.058      3.56
