     69.99     18700     11.96 2.707e-07     5.841     4.683
      57.8 2.902e+06     54.86 2.928e-06     6.001     4.393
     56.04 3.049e+06     78.89     32.25     6.012     4.316
     54.85 3.143e+06     107.2     32.49      6.02     4.252
     54.26 3.184e+06     126.8     32.49     6.024     4.216
     53.66 3.222e+06     150.4     32.48     6.028      4.18
     52.54 3.278e+06     189.7     32.48     6.034     4.131
      51.3 3.336e+06     211.1     27.49     6.058     4.114
      51.3 3.336e+06     244.9     27.63     6.059     4.082
     51.29 3.336e+06     274.8     27.35     6.057     4.057
     51.29 3.336e+06     301.4     27.47     6.059     4.037
     51.29 3.336e+06     331.4     27.23     6.058     4.016
     51.29 3.336e+06       352     27.34     6.059     4.003
     51.29 3.336e+06     388.5     27.29     6.059     3.982
     51.29 3.336e+06     411.4     27.21      6.06      3.97
     51.28 3.336e+06     448.7     27.24     6.059     3.951
     51.28 3.336e+06     470.8     27.33      6.06     3.941
     51.28 3.336e+06     493.6     27.22      6.06      3.93
     51.28 3.336e+06     516.8      27.1     6.059      3.92
     51.28 3.336e+06     536.9     27.16      6.06     3.912
     51.28 3.336e+06     567.6     27.24      6.06       3.9
     51.28 3.336e+06       609      27.1     6.059     3.884
     51.28 3.336e+06     646.5     26.94      6.06     3.872
     51.28 3.337e+06     671.6     26.95      6.06     3.863
     51.28 3.337e+06     693.8     26.97     6.061     3.856
     51.28 3.337e+06     722.4     26.97     6.061     3.848
     51.28 3.337e+06     745.2     26.96     6.061     3.841
     51.28 3.337e+06     772.5     26.92     6.061     3.833
     51.28 3.337e+06     807.2     26.82      6.06     3.823
     51.28 3.337e+06     829.8     26.72      6.06     3.817
     51.27 3.337e+06     857.6     26.54      6.06      3.81
     51.27 3.337e+06     891.9     26.31      6.06     3.802
     51.27 3.337e+06       913     26.29     6.059     3.796
     51.27 3.337e+06     936.7     26.28     6.059     3.791
     51.27 3.337e+06     962.6     26.26     6.059     3.785
     51.27 3.337e+06     990.4     26.25     6.059     3.779
     51.27 3.337e+06      1020     26.24     6.058     3.772
     51.27 3.337e+06      1046     26.24     6.058     3.767
     51.27 3.337e+06      1074     26.23     6.058     3.761
     51.27 3.337e+06      1104     26.23     6.057     3.755
     51.27 3.337e+06      1138     26.23     6.057     3.748
     51.27 3.337e+06      1168     26.23     6.056     3.742
     51.27 3.337e+06      1200     26.24     6.055     3.736
     51.27 3.337e+06      1235     26.25     6.055      3.73
     51.26 3.337e+06      1272     26.26     6.055     3.723
     51.26 3.337e+06      1311     26.27     6.054     3.717
     51.26 3.337e+06      1350     26.28     6.054      3.71
     51.26 3.337e+06      1382     26.29     6.054     3.705
     51.26 3.337e+06      1408     26.29     6.053     3.701
     51.26 3.337e+06      1432     26.27     6.053     3.697
     51.26 3.337e+06      1454     26.22     6.053     3.694
     51.26 3.337e+06      1477     26.07     6.053      3.69
     51.26 3.337e+06      1501     25.77     6.052     3.687
     51.25 3.337e+06      1525     25.77     6.052     3.683
     51.25 3.337e+06      1550     25.77     6.051      3.68
     51.25 3.337e+06      1575     25.77     6.051     3.676
     51.25 3.337e+06      1600     25.77      6.05     3.672
     51.25 3.337e+06      1630     25.77     6.048     3.668
     51.25 3.338e+06      1663     25.78     6.047     3.663
     51.24 3.338e+06      1687     25.78     6.046      3.66
     51.24 3.338e+06      1707     25.78     6.046     3.657
     51.24 3.338e+06      1736     25.79     6.045     3.653
     51.24 3.338e+06      1778     25.79     6.044     3.648
     51.24 3.338e+06      1806      25.8     6.044     3.644
     51.24 3.338e+06      1838      25.8     6.043      3.64
     51.23 3.338e+06      1873     25.81     6.042     3.636
     51.23 3.338e+06      1891     25.82     6.042     3.634
     51.23 3.338e+06      1925     25.91     6.043      3.63
     51.23 3.338e+06      1953     26.51     6.042     3.627
     51.22 3.338e+06      1985     28.18     6.043     3.624
     51.22 3.338e+06      2023     29.93     6.043      3.62
     51.22 3.338e+06      2065     31.08     6.044     3.615
     51.22 3.339e+06      2088     31.51     6.045     3.613
     51.21 3.339e+06      2111     31.88     6.046     3.611
     51.21 3.339e+06      2135     32.18     6.047     3.609
     51.21 3.339e+06      2163     32.68     6.048     3.606
      51.2 3.339e+06      2203     32.96      6.05     3.603
      51.2 3.339e+06      2232     33.12     6.051       3.6
     51.19 3.339e+06      2264     33.23     6.053     3.598
     51.19 3.339e+06      2302     33.37     6.056     3.595
     51.19 3.339e+06      2324      33.4     6.057     3.593
     51.18  3.34e+06      2356     33.49     6.061     3.591
     51.18  3.34e+06      2393     33.52     6.065     3.589
     51.17  3.34e+06      2434     33.52      6.07     3.586
     51.17  3.34e+06      2472     33.57     6.075     3.584
     51.16  3.34e+06      2493     33.54     6.078     3.583
     51.16  3.34e+06      2529     33.52     6.084     3.581
     51.15 3.341e+06      2561     33.54     6.089      3.58
     51.15 3.341e+06      2595     33.48     6.094     3.578
     51.14 3.341e+06      2624     33.46       6.1     3.577
     51.13 3.341e+06      2644     33.46     6.103     3.577
     51.12 3.341e+06      2670     33.42     6.108     3.576
     51.11 3.342e+06      2708     33.38     6.115     3.574
     51.09 3.342e+06      2737     33.37     6.121     3.573
     51.03 3.344e+06      2772     33.27     6.127     3.572
     50.97 3.346e+06      2797     33.26     6.132     3.572
     50.46 3.362e+06      2825     33.28     6.139     3.571
     50.02 3.376e+06      2844     33.26     6.144     3.571
      49.4 3.396e+06      2873     33.22     6.152     3.571
     48.84 3.414e+06      2900     33.17      6.16     3.571
