     79.99     12800     13.09 2.525e-07     5.944     4.689
     62.44  2.73e+06      55.6 2.806e-06     6.081      4.41
     59.01  2.95e+06     87.35     37.62     6.099     4.316
     57.52 3.042e+06     116.5     37.62     6.108     4.256
      56.7 3.088e+06       137     37.61     6.113     4.222
     55.69 3.139e+06     165.1      32.4     6.142     4.188
     55.69 3.139e+06     186.2      32.6     6.142     4.162
     55.69 3.139e+06     213.6     32.28     6.142     4.133
     55.68 3.139e+06     234.5      32.4     6.143     4.112
     55.68 3.139e+06     264.1     32.16     6.143     4.087
     55.68 3.139e+06       301     32.33     6.143     4.058
     55.67 3.139e+06       329     32.04     6.144     4.039
     55.67 3.139e+06     348.9     32.12     6.143     4.026
     55.67 3.139e+06     374.6     32.32     6.145     4.011
     55.67 3.139e+06     414.2     32.13     6.144     3.989
     55.67 3.139e+06     454.6     32.22     6.145     3.969
     55.67 3.139e+06     487.1     32.55     6.145     3.954
     55.67 3.139e+06     509.2     32.41     6.145     3.945
     55.67 3.139e+06     543.7     32.42     6.144      3.93
     55.67 3.139e+06       573     32.61     6.145     3.919
     55.67  3.14e+06     599.2     32.77     6.145     3.909
     55.67  3.14e+06     632.1      32.8     6.144     3.898
     55.66  3.14e+06     651.3     32.73     6.145     3.891
     55.66  3.14e+06     681.1     32.95     6.146     3.882
     55.66  3.14e+06     705.3     33.28     6.145     3.874
     55.66  3.14e+06     731.8     33.48     6.145     3.866
     55.66  3.14e+06     768.8     33.63     6.145     3.855
     55.66  3.14e+06       797     33.72     6.145     3.847
     55.66  3.14e+06     829.5     34.02     6.145     3.839
     55.66  3.14e+06     854.9     34.33     6.145     3.832
     55.66  3.14e+06     884.3     34.77     6.145     3.825
     55.66  3.14e+06     924.3     35.38     6.145     3.815
     55.66  3.14e+06     950.4     35.75     6.145     3.809
     55.66  3.14e+06     982.1     36.15     6.144     3.802
     55.66  3.14e+06      1023     36.58     6.144     3.793
     55.66  3.14e+06      1046     36.79     6.144     3.788
     55.66  3.14e+06      1071     37.01     6.143     3.783
     55.66  3.14e+06      1113     37.37     6.143     3.774
     55.66  3.14e+06      1135     37.51     6.143      3.77
     55.66  3.14e+06      1158     37.65     6.142     3.766
     55.66  3.14e+06      1183     37.78     6.142     3.761
     55.65  3.14e+06      1210     37.89     6.142     3.756
     55.65  3.14e+06      1238        38     6.142     3.751
     55.65  3.14e+06      1269     38.11     6.142     3.746
     55.65  3.14e+06      1295     38.22     6.141     3.741
     55.65  3.14e+06      1324     38.32     6.141     3.736
     55.65  3.14e+06      1353      38.4     6.141     3.731
     55.65  3.14e+06      1384     38.46     6.141     3.726
     55.65  3.14e+06      1415     38.53      6.14     3.722
     55.65  3.14e+06      1447     38.59      6.14     3.717
     55.65  3.14e+06      1481     38.67      6.14     3.711
     55.65  3.14e+06      1515     38.76     6.139     3.706
     55.64  3.14e+06      1543     38.88     6.139     3.702
     55.64  3.14e+06      1567     38.96     6.138     3.699
     55.64  3.14e+06      1591     39.02     6.138     3.695
     55.64  3.14e+06      1635     39.16     6.137     3.689
     55.64  3.14e+06      1679     39.35     6.136     3.683
     55.64  3.14e+06      1702     39.45     6.135      3.68
     55.63  3.14e+06      1727     39.51     6.135     3.677
     55.63 3.141e+06      1752     39.57     6.134     3.674
     55.63 3.141e+06      1780     39.63     6.133      3.67
     55.63 3.141e+06      1811      39.7     6.132     3.666
     55.63 3.141e+06      1845     39.78     6.131     3.662
     55.63 3.141e+06      1880     39.85     6.131     3.657
     55.62 3.141e+06      1917      39.9      6.13     3.653
     55.62 3.141e+06      1957      39.9     6.129     3.648
     55.62 3.141e+06      1992      39.9     6.129     3.645
     55.62 3.141e+06      2021     39.91      6.13     3.642
     55.62 3.141e+06      2050     39.91      6.13     3.639
     55.61 3.141e+06      2076     39.91      6.13     3.636
     55.61 3.141e+06      2106     39.92      6.13     3.633
     55.61 3.141e+06      2137     39.93     6.131      3.63
     55.61 3.141e+06      2170     39.96     6.132     3.627
      55.6 3.142e+06      2202     39.94     6.132     3.624
      55.6 3.142e+06      2231     39.89     6.133     3.621
      55.6 3.142e+06      2262     39.86     6.134     3.618
     55.59 3.142e+06      2294     39.82     6.135     3.615
     55.59 3.142e+06      2327     39.79     6.136     3.613
     55.59 3.142e+06      2355     39.77     6.138      3.61
     55.58 3.142e+06      2384     39.76     6.139     3.608
     55.58 3.142e+06      2411      39.7     6.141     3.606
     55.58 3.142e+06      2449     39.64     6.144     3.603
     55.57 3.142e+06      2473     39.61     6.146     3.602
     55.57 3.143e+06      2507     39.59     6.148     3.599
     55.56 3.143e+06      2538     39.58     6.151     3.597
     55.56 3.143e+06      2573     39.52     6.156     3.596
     55.56 3.143e+06      2602     39.48     6.159     3.594
     55.55 3.143e+06      2634     39.45     6.164     3.592
     55.55 3.143e+06      2667     39.43     6.168     3.591
     55.54 3.143e+06      2702     39.38     6.173     3.589
     55.53 3.144e+06      2746     39.32     6.179     3.587
     55.53 3.144e+06      2776     39.29     6.184     3.586
     55.52 3.144e+06      2801     39.27     6.189     3.585
     55.51 3.144e+06      2824     39.25     6.193     3.585
      55.5 3.145e+06      2860     39.17     6.199     3.583
     55.48 3.145e+06      2885     39.11     6.203     3.582
     55.41 3.147e+06      2926     38.98     6.209     3.581
     55.37 3.149e+06      2944     38.97     6.213     3.581
     54.88 3.164e+06      2973     38.94      6.22      3.58
      53.9 3.196e+06      3014     38.89     6.232      3.58
