        90      1000     16.36 2.379e-07     6.028     4.662
     69.09 2.447e+06     41.25 1.781e-06     6.137     4.488
     61.28 2.837e+06     65.47     42.32     6.161     4.394
     57.92 3.008e+06     90.63     45.56     6.205     4.335
     57.91 3.008e+06     127.8     45.65     6.209     4.261
     57.91 3.008e+06     153.6     45.62     6.211     4.221
      57.9 3.008e+06     190.6     45.56     6.212     4.175
      57.9 3.008e+06     217.5      45.6     6.213     4.146
      57.9 3.008e+06     235.5     45.52     6.215      4.13
      57.9 3.009e+06     265.1     45.54     6.214     4.104
     57.89 3.009e+06     308.9     45.48     6.215     4.071
     57.89 3.009e+06     343.5     45.37     6.217     4.048
     57.89 3.009e+06     365.9     45.33     6.216     4.034
     57.89 3.009e+06     401.8     45.33     6.217     4.014
     57.89 3.009e+06     434.8     45.28     6.218     3.997
     57.89 3.009e+06     461.5     45.26     6.218     3.984
     57.89 3.009e+06     480.8     45.27     6.217     3.975
     57.89 3.009e+06     507.8     45.22     6.219     3.964
     57.89 3.009e+06     541.2      45.2     6.218      3.95
     57.89 3.009e+06     559.6     45.19     6.218     3.942
     57.89 3.009e+06     591.9     45.21     6.219     3.931
     57.88 3.009e+06       630     45.17     6.219     3.917
     57.88 3.009e+06     654.2     45.14     6.218     3.909
     57.88 3.009e+06     674.8     45.13     6.219     3.902
     57.88 3.009e+06     701.9     45.14     6.219     3.894
     57.88 3.009e+06     721.6     45.15      6.22     3.888
     57.88 3.009e+06     749.7     45.16     6.219     3.879
     57.88 3.009e+06     766.5     45.16     6.219     3.874
     57.88 3.009e+06       798     45.14     6.218     3.865
     57.88 3.009e+06     839.8     45.14     6.219     3.855
     57.88 3.009e+06     868.4     45.15     6.219     3.847
     57.88 3.009e+06       902     45.16     6.219     3.839
     57.88 3.009e+06     923.8     45.17     6.219     3.834
     57.88 3.009e+06     950.1     45.18     6.219     3.828
     57.88 3.009e+06     981.6     45.19     6.219     3.821
     57.88 3.009e+06      1018     45.19     6.219     3.813
     57.88 3.009e+06      1056     45.19     6.218     3.805
     57.88 3.009e+06      1087      45.2     6.218     3.798
     57.88 3.009e+06      1125      45.2     6.218     3.791
     57.88 3.009e+06      1169     45.21     6.218     3.783
     57.87 3.009e+06      1192     45.21     6.218     3.778
     57.87 3.009e+06      1217     45.22     6.218     3.774
     57.87 3.009e+06      1244     45.22     6.217     3.769
     57.87 3.009e+06      1273     45.23     6.217     3.764
     57.87 3.009e+06      1304     45.23     6.217     3.758
     57.87 3.009e+06      1337     45.24     6.217     3.753
     57.87 3.009e+06      1372     45.24     6.216     3.747
     57.87 3.009e+06      1403     45.25     6.216     3.742
     57.87 3.009e+06      1429     45.26     6.216     3.738
     57.87 3.009e+06      1457     45.26     6.216     3.734
     57.87  3.01e+06      1486     45.27     6.215      3.73
     57.86  3.01e+06      1518     45.27     6.215     3.725
     57.86  3.01e+06      1551     45.27     6.215      3.72
     57.86  3.01e+06      1586     45.28     6.214     3.715
     57.86  3.01e+06      1623     45.28     6.214      3.71
     57.86  3.01e+06      1659     45.28     6.213     3.705
     57.86  3.01e+06      1696     45.28     6.213       3.7
     57.85  3.01e+06      1716     45.27     6.212     3.698
     57.85  3.01e+06      1752     45.27     6.212     3.693
     57.85  3.01e+06      1795     45.27     6.211     3.688
     57.85  3.01e+06      1818     45.27     6.211     3.685
     57.85  3.01e+06      1843     45.26     6.211     3.682
     57.85  3.01e+06      1870     45.26      6.21     3.678
     57.84  3.01e+06      1894     45.26      6.21     3.676
     57.84  3.01e+06      1918     45.26     6.209     3.673
     57.84  3.01e+06      1960     45.25     6.209     3.668
     57.84  3.01e+06      1997     45.24     6.209     3.664
     57.84  3.01e+06      2037     45.24     6.209      3.66
     57.83 3.011e+06      2059     45.23     6.209     3.657
     57.83 3.011e+06      2082     45.23     6.209     3.655
     57.83 3.011e+06      2106     45.23      6.21     3.653
     57.83 3.011e+06      2132     45.22      6.21      3.65
     57.83 3.011e+06      2160      45.2      6.21     3.647
     57.82 3.011e+06      2184     45.19     6.211     3.645
     57.82 3.011e+06      2218     45.17     6.211     3.642
     57.82 3.011e+06      2246     45.16     6.211     3.639
     57.81 3.011e+06      2289     45.16     6.212     3.635
     57.81 3.011e+06      2318     45.14     6.213     3.633
     57.81 3.011e+06      2352     45.12     6.214      3.63
      57.8 3.012e+06      2390      45.1     6.215     3.626
      57.8 3.012e+06      2430     45.08     6.217     3.623
     57.79 3.012e+06      2473     45.06     6.219      3.62
     57.79 3.012e+06      2497     45.04      6.22     3.618
     57.79 3.012e+06      2522     45.02     6.222     3.616
     57.78 3.012e+06      2564     44.99     6.225     3.614
     57.78 3.012e+06      2587     44.98     6.227     3.612
     57.77 3.012e+06      2622     44.94      6.23      3.61
     57.77 3.013e+06      2654     44.91     6.233     3.608
     57.76 3.013e+06      2689     44.89     6.237     3.606
     57.76 3.013e+06      2717     44.88     6.241     3.605
     57.75 3.013e+06      2746     44.86     6.245     3.604
     57.74 3.013e+06      2783     44.83      6.25     3.602
     57.73 3.014e+06      2807     44.82     6.253     3.601
     57.72 3.014e+06      2836      44.8     6.257       3.6
     57.71 3.015e+06      2870     44.76     6.261     3.598
     57.68 3.015e+06      2894     44.72     6.264     3.597
     57.63 3.017e+06      2933      44.7     6.269     3.596
     57.39 3.025e+06      2975      44.7     6.277     3.594
     56.77 3.044e+06      3006      44.7     6.286     3.594
     56.36 3.057e+06      3028     44.71     6.293     3.595
